5.81579e-156 -90
0.0779769 -89.8
0.155953 -89.6
0.233927 -89.4
0.311898 -89.2
0.389865 -89
0.467828 -88.8
0.545784 -88.6
0.623734 -88.4
0.701676 -88.2
0.779609 -88
0.857533 -87.8
0.935446 -87.6
1.01335 -87.4
1.09124 -87.2
1.16911 -87
1.24697 -86.8
1.32482 -86.6
1.40265 -86.4
1.48046 -86.2
1.55825 -86
1.63602 -85.8
1.71378 -85.6
1.79151 -85.4
1.86922 -85.2
1.9469 -85
2.02457 -84.8
2.1022 -84.6
2.17981 -84.4
2.2574 -84.2
2.33495 -84
2.41248 -83.8
2.48998 -83.6
2.56744 -83.4
2.64488 -83.2
2.72228 -83
2.79964 -82.8
2.87698 -82.6
2.95427 -82.4
3.03153 -82.2
3.10876 -82
3.18594 -81.8
3.26308 -81.6
3.34019 -81.4
3.41725 -81.2
3.49427 -81
3.57124 -80.8
3.64818 -80.6
3.72506 -80.4
3.8019 -80.2
3.8787 -80
3.95544 -79.8
4.03214 -79.6
4.10878 -79.4
4.18538 -79.2
4.26192 -79
4.33841 -78.8
4.41484 -78.6
4.49122 -78.4
4.56755 -78.2
4.64382 -78
4.72003 -77.8
4.79618 -77.6
4.87227 -77.4
4.94831 -77.2
5.02428 -77
5.10018 -76.8
5.17603 -76.6
5.25181 -76.4
5.32753 -76.2
5.40318 -76
5.47876 -75.8
5.55427 -75.6
5.62972 -75.4
5.70509 -75.2
5.7804 -75
5.85563 -74.8
5.93079 -74.6
6.00588 -74.4
6.08089 -74.2
6.15583 -74
6.23069 -73.8
6.30547 -73.6
6.38018 -73.4
6.4548 -73.2
6.52935 -73
6.60381 -72.8
6.6782 -72.6
6.7525 -72.4
6.82671 -72.2
6.90084 -72
6.97489 -71.8
7.04885 -71.6
7.12272 -71.4
7.19651 -71.2
7.2702 -71
7.34381 -70.8
7.41732 -70.6
7.49074 -70.4
7.56407 -70.2
7.6373 -70
7.71045 -69.8
7.78349 -69.6
7.85644 -69.4
7.92929 -69.2
8.00204 -69
8.0747 -68.8
8.14725 -68.6
8.2197 -68.4
8.29205 -68.2
8.3643 -68
8.43645 -67.8
8.50849 -67.6
8.58042 -67.4
8.65225 -67.2
8.72397 -67
8.79559 -66.8
8.86709 -66.6
8.93849 -66.4
9.00977 -66.2
9.08094 -66
9.152 -65.8
9.22295 -65.6
9.29378 -65.4
9.3645 -65.2
9.4351 -65
9.50559 -64.8
9.57596 -64.6
9.6462 -64.4
9.71633 -64.2
9.78634 -64
9.85623 -63.8
9.926 -63.6
9.99564 -63.4
10.0652 -63.2
10.1346 -63
10.2038 -62.8
10.273 -62.6
10.342 -62.4
10.4109 -62.2
10.4796 -62
10.5483 -61.8
10.6168 -61.6
10.6851 -61.4
10.7534 -61.2
10.8215 -61
10.8895 -60.8
10.9573 -60.6
11.025 -60.4
11.0926 -60.2
11.16 -60
11.2273 -59.8
11.2944 -59.6
11.3615 -59.4
11.4283 -59.2
11.4951 -59
11.5616 -58.8
11.6281 -58.6
11.6944 -58.4
11.7606 -58.2
11.8266 -58
11.8924 -57.8
11.9582 -57.6
12.0237 -57.4
12.0892 -57.2
12.1544 -57
12.2196 -56.8
12.2845 -56.6
12.3494 -56.4
12.414 -56.2
12.4785 -56
12.5429 -55.8
12.6071 -55.6
12.6712 -55.4
12.7351 -55.2
12.7988 -55
12.8624 -54.8
12.9258 -54.6
12.9891 -54.4
13.0522 -54.2
13.1152 -54
13.1779 -53.8
13.2406 -53.6
13.303 -53.4
13.3653 -53.2
13.4274 -53
13.4894 -52.8
13.5512 -52.6
13.6128 -52.4
13.6743 -52.2
13.7356 -52
13.7967 -51.8
13.8577 -51.6
13.9185 -51.4
13.9791 -51.2
14.0395 -51
14.0998 -50.8
14.1599 -50.6
14.2198 -50.4
14.2796 -50.2
14.3391 -50
14.3985 -49.8
14.4578 -49.6
14.5168 -49.4
14.5757 -49.2
14.6344 -49
14.6929 -48.8
14.7512 -48.6
14.8093 -48.4
14.8673 -48.2
14.9251 -48
14.9827 -47.8
15.0401 -47.6
15.0973 -47.4
15.1543 -47.2
15.2112 -47
15.2679 -46.8
15.3243 -46.6
15.3806 -46.4
15.4367 -46.2
15.4927 -46
15.5484 -45.8
15.6039 -45.6
15.6593 -45.4
15.7144 -45.2
15.7694 -45
15.8241 -44.8
15.8787 -44.6
15.9331 -44.4
15.9873 -44.2
16.0412 -44
16.095 -43.8
16.1486 -43.6
16.202 -43.4
16.2552 -43.2
16.3082 -43
16.361 -42.8
16.4136 -42.6
16.466 -42.4
16.5182 -42.2
16.5701 -42
16.6219 -41.8
16.6735 -41.6
16.7249 -41.4
16.7761 -41.2
16.827 -41
16.8778 -40.8
16.9283 -40.6
16.9787 -40.4
17.0288 -40.2
17.0788 -40
17.1285 -39.8
17.178 -39.6
17.2273 -39.4
17.2764 -39.2
17.3253 -39
17.3739 -38.8
17.4224 -38.6
17.4706 -38.4
17.5187 -38.2
17.5665 -38
17.6141 -37.8
17.6615 -37.6
17.7086 -37.4
17.7556 -37.2
17.8023 -37
17.8488 -36.8
17.8951 -36.6
17.9412 -36.4
17.9871 -36.2
18.0327 -36
18.0782 -35.8
18.1234 -35.6
18.1683 -35.4
18.2131 -35.2
18.2576 -35
18.3019 -34.8
18.346 -34.6
18.3899 -34.4
18.4335 -34.2
18.477 -34
18.5201 -33.8
18.5631 -33.6
18.6058 -33.4
18.6484 -33.2
18.6906 -33
18.7327 -32.8
18.7745 -32.6
18.8161 -32.4
18.8575 -32.2
18.8986 -32
18.9395 -31.8
18.9802 -31.6
19.0207 -31.4
19.0609 -31.2
19.1008 -31
19.1406 -30.8
19.1801 -30.6
19.2194 -30.4
19.2584 -30.2
19.2973 -30
19.3358 -29.8
19.3742 -29.6
19.4123 -29.4
19.4501 -29.2
19.4878 -29
19.5252 -28.8
19.5623 -28.6
19.5993 -28.4
19.6359 -28.2
19.6724 -28
19.7086 -27.8
19.7445 -27.6
19.7803 -27.4
19.8157 -27.2
19.851 -27
19.886 -26.8
19.9207 -26.6
19.9552 -26.4
19.9895 -26.2
20.0235 -26
20.0573 -25.8
20.0909 -25.6
20.1242 -25.4
20.1572 -25.2
20.19 -25
20.2226 -24.8
20.2549 -24.6
20.287 -24.4
20.3188 -24.2
20.3504 -24
20.3817 -23.8
20.4128 -23.6
20.4436 -23.4
20.4742 -23.2
20.5045 -23
20.5346 -22.8
20.5644 -22.6
20.594 -22.4
20.6233 -22.2
20.6524 -22
20.6813 -21.8
20.7098 -21.6
20.7382 -21.4
20.7663 -21.2
20.7941 -21
20.8217 -20.8
20.849 -20.6
20.876 -20.4
20.9029 -20.2
20.9294 -20
20.9557 -19.8
20.9818 -19.6
21.0076 -19.4
21.0331 -19.2
21.0584 -19
21.0834 -18.8
21.1082 -18.6
21.1327 -18.4
21.157 -18.2
21.181 -18
21.2047 -17.8
21.2282 -17.6
21.2515 -17.4
21.2744 -17.2
21.2972 -17
21.3196 -16.8
21.3418 -16.6
21.3638 -16.4
21.3855 -16.2
21.4069 -16
21.428 -15.8
21.4489 -15.6
21.4696 -15.4
21.49 -15.2
21.5101 -15
21.53 -14.8
21.5496 -14.6
21.5689 -14.4
21.588 -14.2
21.6068 -14
21.6254 -13.8
21.6436 -13.6
21.6617 -13.4
21.6794 -13.2
21.697 -13
21.7142 -12.8
21.7312 -12.6
21.7479 -12.4
21.7643 -12.2
21.7805 -12
21.7965 -11.8
21.8121 -11.6
21.8275 -11.4
21.8426 -11.2
21.8575 -11
21.8721 -10.8
21.8865 -10.6
21.9005 -10.4
21.9143 -10.2
21.9279 -10
21.9411 -9.8
21.9542 -9.6
21.9669 -9.4
21.9794 -9.2
21.9916 -9
22.0035 -8.8
22.0152 -8.6
22.0266 -8.4
22.0378 -8.2
22.0487 -8
22.0593 -7.8
22.0696 -7.6
22.0797 -7.4
22.0895 -7.2
22.099 -7
22.1083 -6.8
22.1173 -6.6
22.1261 -6.4
22.1345 -6.2
22.1427 -6
22.1507 -5.8
22.1583 -5.6
22.1657 -5.4
22.1729 -5.2
22.1797 -5
22.1863 -4.8
22.1927 -4.6
22.1987 -4.4
22.2045 -4.2
22.21 -4
22.2153 -3.8
22.2203 -3.6
22.225 -3.4
22.2294 -3.2
22.2336 -3
22.2375 -2.8
22.2411 -2.6
22.2445 -2.4
22.2476 -2.2
22.2504 -2
22.253 -1.8
22.2553 -1.6
22.2573 -1.4
22.259 -1.2
22.2605 -1
22.2617 -0.8
22.2627 -0.6
22.2634 -0.4
22.2638 -0.2
22.2639 0
22.2638 0.2
22.2634 0.4
22.2627 0.6
22.2617 0.8
22.2605 1
22.259 1.2
22.2573 1.4
22.2553 1.6
22.253 1.8
22.2504 2
22.2476 2.2
22.2445 2.4
22.2411 2.6
22.2375 2.8
22.2336 3
22.2294 3.2
22.225 3.4
22.2203 3.6
22.2153 3.8
22.21 4
22.2045 4.2
22.1987 4.4
22.1927 4.6
22.1863 4.8
22.1797 5
22.1729 5.2
22.1657 5.4
22.1583 5.6
22.1507 5.8
22.1427 6
22.1345 6.2
22.1261 6.4
22.1173 6.6
22.1083 6.8
22.099 7
22.0895 7.2
22.0797 7.4
22.0696 7.6
22.0593 7.8
22.0487 8
22.0378 8.2
22.0266 8.4
22.0152 8.6
22.0035 8.8
21.9916 9
21.9794 9.2
21.9669 9.4
21.9542 9.6
21.9411 9.8
21.9279 10
21.9143 10.2
21.9005 10.4
21.8865 10.6
21.8721 10.8
21.8575 11
21.8426 11.2
21.8275 11.4
21.8121 11.6
21.7965 11.8
21.7805 12
21.7643 12.2
21.7479 12.4
21.7312 12.6
21.7142 12.8
21.697 13
21.6794 13.2
21.6617 13.4
21.6436 13.6
21.6254 13.8
21.6068 14
21.588 14.2
21.5689 14.4
21.5496 14.6
21.53 14.8
21.5101 15
21.49 15.2
21.4696 15.4
21.4489 15.6
21.428 15.8
21.4069 16
21.3855 16.2
21.3638 16.4
21.3418 16.6
21.3196 16.8
21.2972 17
21.2744 17.2
21.2515 17.4
21.2282 17.6
21.2047 17.8
21.181 18
21.157 18.2
21.1327 18.4
21.1082 18.6
21.0834 18.8
21.0584 19
21.0331 19.2
21.0076 19.4
20.9818 19.6
20.9557 19.8
20.9294 20
20.9029 20.2
20.876 20.4
20.849 20.6
20.8217 20.8
20.7941 21
20.7663 21.2
20.7382 21.4
20.7098 21.6
20.6813 21.8
20.6524 22
20.6233 22.2
20.594 22.4
20.5644 22.6
20.5346 22.8
20.5045 23
20.4742 23.2
20.4436 23.4
20.4128 23.6
20.3817 23.8
20.3504 24
20.3188 24.2
20.287 24.4
20.2549 24.6
20.2226 24.8
20.19 25
20.1572 25.2
20.1242 25.4
20.0909 25.6
20.0573 25.8
20.0235 26
19.9895 26.2
19.9552 26.4
19.9207 26.6
19.886 26.8
19.851 27
19.8157 27.2
19.7803 27.4
19.7445 27.6
19.7086 27.8
19.6724 28
19.6359 28.2
19.5993 28.4
19.5623 28.6
19.5252 28.8
19.4878 29
19.4501 29.2
19.4123 29.4
19.3742 29.6
19.3358 29.8
19.2973 30
19.2584 30.2
19.2194 30.4
19.1801 30.6
19.1406 30.8
19.1008 31
19.0609 31.2
19.0207 31.4
18.9802 31.6
18.9395 31.8
18.8986 32
18.8575 32.2
18.8161 32.4
18.7745 32.6
18.7327 32.8
18.6906 33
18.6484 33.2
18.6058 33.4
18.5631 33.6
18.5201 33.8
18.477 34
18.4335 34.2
18.3899 34.4
18.346 34.6
18.3019 34.8
18.2576 35
18.2131 35.2
18.1683 35.4
18.1234 35.6
18.0782 35.8
18.0327 36
17.9871 36.2
17.9412 36.4
17.8951 36.6
17.8488 36.8
17.8023 37
17.7556 37.2
17.7086 37.4
17.6615 37.6
17.6141 37.8
17.5665 38
17.5187 38.2
17.4706 38.4
17.4224 38.6
17.3739 38.8
17.3253 39
17.2764 39.2
17.2273 39.4
17.178 39.6
17.1285 39.8
17.0788 40
17.0288 40.2
16.9787 40.4
16.9283 40.6
16.8778 40.8
16.827 41
16.7761 41.2
16.7249 41.4
16.6735 41.6
16.6219 41.8
16.5701 42
16.5182 42.2
16.466 42.4
16.4136 42.6
16.361 42.8
16.3082 43
16.2552 43.2
16.202 43.4
16.1486 43.6
16.095 43.8
16.0412 44
15.9873 44.2
15.9331 44.4
15.8787 44.6
15.8241 44.8
15.7694 45
15.7144 45.2
15.6593 45.4
15.6039 45.6
15.5484 45.8
15.4927 46
15.4367 46.2
15.3806 46.4
15.3243 46.6
15.2679 46.8
15.2112 47
15.1543 47.2
15.0973 47.4
15.0401 47.6
14.9827 47.8
14.9251 48
14.8673 48.2
14.8093 48.4
14.7512 48.6
14.6929 48.8
14.6344 49
14.5757 49.2
14.5168 49.4
14.4578 49.6
14.3985 49.8
14.3391 50
14.2796 50.2
14.2198 50.4
14.1599 50.6
14.0998 50.8
14.0395 51
13.9791 51.2
13.9185 51.4
13.8577 51.6
13.7967 51.8
13.7356 52
13.6743 52.2
13.6128 52.4
13.5512 52.6
13.4894 52.8
13.4274 53
13.3653 53.2
13.303 53.4
13.2406 53.6
13.1779 53.8
13.1152 54
13.0522 54.2
12.9891 54.4
12.9258 54.6
12.8624 54.8
12.7988 55
12.7351 55.2
12.6712 55.4
12.6071 55.6
12.5429 55.8
12.4785 56
12.414 56.2
12.3494 56.4
12.2845 56.6
12.2196 56.8
12.1544 57
12.0892 57.2
12.0237 57.4
11.9582 57.6
11.8924 57.8
11.8266 58
11.7606 58.2
11.6944 58.4
11.6281 58.6
11.5616 58.8
11.4951 59
11.4283 59.2
11.3615 59.4
11.2944 59.6
11.2273 59.8
11.16 60
11.0926 60.2
11.025 60.4
10.9573 60.6
10.8895 60.8
10.8215 61
10.7534 61.2
10.6851 61.4
10.6168 61.6
10.5483 61.8
10.4796 62
10.4109 62.2
10.342 62.4
10.273 62.6
10.2038 62.8
10.1346 63
10.0652 63.2
9.99564 63.4
9.926 63.6
9.85623 63.8
9.78634 64
9.71633 64.2
9.6462 64.4
9.57596 64.6
9.50559 64.8
9.4351 65
9.3645 65.2
9.29378 65.4
9.22295 65.6
9.152 65.8
9.08094 66
9.00977 66.2
8.93849 66.4
8.86709 66.6
8.79559 66.8
8.72397 67
8.65225 67.2
8.58042 67.4
8.50849 67.6
8.43645 67.8
8.3643 68
8.29205 68.2
8.2197 68.4
8.14725 68.6
8.0747 68.8
8.00204 69
7.92929 69.2
7.85644 69.4
7.78349 69.6
7.71045 69.8
7.6373 70
7.56407 70.2
7.49074 70.4
7.41732 70.6
7.34381 70.8
7.2702 71
7.19651 71.2
7.12272 71.4
7.04885 71.6
6.97489 71.8
6.90084 72
6.82671 72.2
6.7525 72.4
6.6782 72.6
6.60381 72.8
6.52935 73
6.4548 73.2
6.38018 73.4
6.30547 73.6
6.23069 73.8
6.15583 74
6.08089 74.2
6.00588 74.4
5.93079 74.6
5.85563 74.8
5.7804 75
5.70509 75.2
5.62972 75.4
5.55427 75.6
5.47876 75.8
5.40318 76
5.32753 76.2
5.25181 76.4
5.17603 76.6
5.10018 76.8
5.02428 77
4.94831 77.2
4.87227 77.4
4.79618 77.6
4.72003 77.8
4.64382 78
4.56755 78.2
4.49122 78.4
4.41484 78.6
4.33841 78.8
4.26192 79
4.18538 79.2
4.10878 79.4
4.03214 79.6
3.95544 79.8
3.8787 80
3.8019 80.2
3.72506 80.4
3.64818 80.6
3.57124 80.8
3.49427 81
3.41725 81.2
3.34019 81.4
3.26308 81.6
3.18594 81.8
3.10876 82
3.03153 82.2
2.95427 82.4
2.87698 82.6
2.79964 82.8
2.72228 83
2.64488 83.2
2.56744 83.4
2.48998 83.6
2.41248 83.8
2.33495 84
2.2574 84.2
2.17981 84.4
2.1022 84.6
2.02457 84.8
1.9469 85
1.86922 85.2
1.79151 85.4
1.71378 85.6
1.63602 85.8
1.55825 86
1.48046 86.2
1.40265 86.4
1.32482 86.6
1.24697 86.8
1.16911 87
1.09124 87.2
1.01335 87.4
0.935446 87.6
0.857533 87.8
0.779609 88
0.701676 88.2
0.623734 88.4
0.545784 88.6
0.467828 88.8
0.389865 89
0.311898 89.2
0.233927 89.4
0.155953 89.6
0.0779769 89.8
5.81579e-156 90
