22.3388 -90
22.3388 -89.8
22.3388 -89.6
22.3388 -89.4
22.3388 -89.2
22.3387 -89
22.3387 -88.8
22.3387 -88.6
22.3386 -88.4
22.3386 -88.2
22.3385 -88
22.3385 -87.8
22.3384 -87.6
22.3384 -87.4
22.3383 -87.2
22.3382 -87
22.3381 -86.8
22.338 -86.6
22.338 -86.4
22.3379 -86.2
22.3378 -86
22.3376 -85.8
22.3375 -85.6
22.3374 -85.4
22.3373 -85.2
22.3371 -85
22.337 -84.8
22.3369 -84.6
22.3367 -84.4
22.3366 -84.2
22.3364 -84
22.3362 -83.8
22.3361 -83.6
22.3359 -83.4
22.3357 -83.2
22.3355 -83
22.3353 -82.8
22.3352 -82.6
22.3349 -82.4
22.3347 -82.2
22.3345 -82
22.3343 -81.8
22.3341 -81.6
22.3339 -81.4
22.3336 -81.2
22.3334 -81
22.3331 -80.8
22.3329 -80.6
22.3326 -80.4
22.3324 -80.2
22.3321 -80
22.3319 -79.8
22.3316 -79.6
22.3313 -79.4
22.331 -79.2
22.3307 -79
22.3304 -78.8
22.3301 -78.6
22.3298 -78.4
22.3295 -78.2
22.3292 -78
22.3289 -77.8
22.3286 -77.6
22.3282 -77.4
22.3279 -77.2
22.3275 -77
22.3272 -76.8
22.3268 -76.6
22.3265 -76.4
22.3261 -76.2
22.3258 -76
22.3254 -75.8
22.325 -75.6
22.3246 -75.4
22.3243 -75.2
22.3239 -75
22.3235 -74.8
22.3231 -74.6
22.3227 -74.4
22.3223 -74.2
22.3219 -74
22.3214 -73.8
22.321 -73.6
22.3206 -73.4
22.3202 -73.2
22.3197 -73
22.3193 -72.8
22.3188 -72.6
22.3184 -72.4
22.3179 -72.2
22.3175 -72
22.317 -71.8
22.3165 -71.6
22.3161 -71.4
22.3156 -71.2
22.3151 -71
22.3146 -70.8
22.3141 -70.6
22.3137 -70.4
22.3132 -70.2
22.3127 -70
22.3122 -69.8
22.3116 -69.6
22.3111 -69.4
22.3106 -69.2
22.3101 -69
22.3096 -68.8
22.309 -68.6
22.3085 -68.4
22.308 -68.2
22.3074 -68
22.3069 -67.8
22.3063 -67.6
22.3058 -67.4
22.3052 -67.2
22.3046 -67
22.3041 -66.8
22.3035 -66.6
22.3029 -66.4
22.3024 -66.2
22.3018 -66
22.3012 -65.8
22.3006 -65.6
22.3 -65.4
22.2994 -65.2
22.2988 -65
22.2982 -64.8
22.2976 -64.6
22.297 -64.4
22.2964 -64.2
22.2958 -64
22.2952 -63.8
22.2945 -63.6
22.2939 -63.4
22.2933 -63.2
22.2926 -63
22.292 -62.8
22.2914 -62.6
22.2907 -62.4
22.2901 -62.2
22.2894 -62
22.2888 -61.8
22.2881 -61.6
22.2875 -61.4
22.2868 -61.2
22.2862 -61
22.2855 -60.8
22.2848 -60.6
22.2841 -60.4
22.2835 -60.2
22.2828 -60
22.2821 -59.8
22.2814 -59.6
22.2807 -59.4
22.2801 -59.2
22.2794 -59
22.2787 -58.8
22.278 -58.6
22.2773 -58.4
22.2766 -58.2
22.2759 -58
22.2752 -57.8
22.2745 -57.6
22.2738 -57.4
22.273 -57.2
22.2723 -57
22.2716 -56.8
22.2709 -56.6
22.2702 -56.4
22.2695 -56.2
22.2687 -56
22.268 -55.8
22.2673 -55.6
22.2665 -55.4
22.2658 -55.2
22.2651 -55
22.2643 -54.8
22.2636 -54.6
22.2629 -54.4
22.2621 -54.2
22.2614 -54
22.2606 -53.8
22.2599 -53.6
22.2591 -53.4
22.2584 -53.2
22.2576 -53
22.2569 -52.8
22.2561 -52.6
22.2554 -52.4
22.2546 -52.2
22.2539 -52
22.2531 -51.8
22.2523 -51.6
22.2516 -51.4
22.2508 -51.2
22.25 -51
22.2493 -50.8
22.2485 -50.6
22.2477 -50.4
22.247 -50.2
22.2462 -50
22.2454 -49.8
22.2447 -49.6
22.2439 -49.4
22.2431 -49.2
22.2423 -49
22.2416 -48.8
22.2408 -48.6
22.24 -48.4
22.2392 -48.2
22.2385 -48
22.2377 -47.8
22.2369 -47.6
22.2361 -47.4
22.2353 -47.2
22.2346 -47
22.2338 -46.8
22.233 -46.6
22.2322 -46.4
22.2314 -46.2
22.2307 -46
22.2299 -45.8
22.2291 -45.6
22.2283 -45.4
22.2275 -45.2
22.2267 -45
22.226 -44.8
22.2252 -44.6
22.2244 -44.4
22.2236 -44.2
22.2228 -44
22.2221 -43.8
22.2213 -43.6
22.2205 -43.4
22.2197 -43.2
22.2189 -43
22.2182 -42.8
22.2174 -42.6
22.2166 -42.4
22.2158 -42.2
22.215 -42
22.2143 -41.8
22.2135 -41.6
22.2127 -41.4
22.2119 -41.2
22.2112 -41
22.2104 -40.8
22.2096 -40.6
22.2089 -40.4
22.2081 -40.2
22.2073 -40
22.2065 -39.8
22.2058 -39.6
22.205 -39.4
22.2042 -39.2
22.2035 -39
22.2027 -38.8
22.202 -38.6
22.2012 -38.4
22.2004 -38.2
22.1997 -38
22.1989 -37.8
22.1982 -37.6
22.1974 -37.4
22.1967 -37.2
22.1959 -37
22.1952 -36.8
22.1944 -36.6
22.1937 -36.4
22.1929 -36.2
22.1922 -36
22.1914 -35.8
22.1907 -35.6
22.19 -35.4
22.1892 -35.2
22.1885 -35
22.1877 -34.8
22.187 -34.6
22.1863 -34.4
22.1856 -34.2
22.1848 -34
22.1841 -33.8
22.1834 -33.6
22.1827 -33.4
22.182 -33.2
22.1812 -33
22.1805 -32.8
22.1798 -32.6
22.1791 -32.4
22.1784 -32.2
22.1777 -32
22.177 -31.8
22.1763 -31.6
22.1756 -31.4
22.1749 -31.2
22.1742 -31
22.1735 -30.8
22.1729 -30.6
22.1722 -30.4
22.1715 -30.2
22.1708 -30
22.1702 -29.8
22.1695 -29.6
22.1688 -29.4
22.1681 -29.2
22.1675 -29
22.1668 -28.8
22.1662 -28.6
22.1655 -28.4
22.1649 -28.2
22.1642 -28
22.1636 -27.8
22.1629 -27.6
22.1623 -27.4
22.1617 -27.2
22.161 -27
22.1604 -26.8
22.1598 -26.6
22.1591 -26.4
22.1585 -26.2
22.1579 -26
22.1573 -25.8
22.1567 -25.6
22.1561 -25.4
22.1555 -25.2
22.1549 -25
22.1543 -24.8
22.1537 -24.6
22.1531 -24.4
22.1525 -24.2
22.1519 -24
22.1514 -23.8
22.1508 -23.6
22.1502 -23.4
22.1496 -23.2
22.1491 -23
22.1485 -22.8
22.148 -22.6
22.1474 -22.4
22.1469 -22.2
22.1463 -22
22.1458 -21.8
22.1452 -21.6
22.1447 -21.4
22.1442 -21.2
22.1437 -21
22.1431 -20.8
22.1426 -20.6
22.1421 -20.4
22.1416 -20.2
22.1411 -20
22.1406 -19.8
22.1401 -19.6
22.1396 -19.4
22.1391 -19.2
22.1387 -19
22.1382 -18.8
22.1377 -18.6
22.1372 -18.4
22.1368 -18.2
22.1363 -18
22.1359 -17.8
22.1354 -17.6
22.135 -17.4
22.1345 -17.2
22.1341 -17
22.1336 -16.8
22.1332 -16.6
22.1328 -16.4
22.1324 -16.2
22.1319 -16
22.1315 -15.8
22.1311 -15.6
22.1307 -15.4
22.1303 -15.2
22.1299 -15
22.1295 -14.8
22.1292 -14.6
22.1288 -14.4
22.1284 -14.2
22.128 -14
22.1277 -13.8
22.1273 -13.6
22.127 -13.4
22.1266 -13.2
22.1263 -13
22.1259 -12.8
22.1256 -12.6
22.1253 -12.4
22.1249 -12.2
22.1246 -12
22.1243 -11.8
22.124 -11.6
22.1237 -11.4
22.1234 -11.2
22.1231 -11
22.1228 -10.8
22.1225 -10.6
22.1222 -10.4
22.122 -10.2
22.1217 -10
22.1214 -9.8
22.1212 -9.6
22.1209 -9.4
22.1207 -9.2
22.1204 -9
22.1202 -8.8
22.1199 -8.6
22.1197 -8.4
22.1195 -8.2
22.1193 -8
22.1191 -7.8
22.1188 -7.6
22.1186 -7.4
22.1184 -7.2
22.1182 -7
22.1181 -6.8
22.1179 -6.6
22.1177 -6.4
22.1175 -6.2
22.1174 -6
22.1172 -5.8
22.117 -5.6
22.1169 -5.4
22.1168 -5.2
22.1166 -5
22.1165 -4.8
22.1163 -4.6
22.1162 -4.4
22.1161 -4.2
22.116 -4
22.1159 -3.8
22.1158 -3.6
22.1157 -3.4
22.1156 -3.2
22.1155 -3
22.1154 -2.8
22.1153 -2.6
22.1153 -2.4
22.1152 -2.2
22.1152 -2
22.1151 -1.8
22.1151 -1.6
22.115 -1.4
22.115 -1.2
22.1149 -1
22.1149 -0.8
22.1149 -0.6
22.1149 -0.4
22.1149 -0.2
22.1149 0
22.1149 0.2
22.1149 0.4
22.1149 0.6
22.1149 0.8
22.1149 1
22.1149 1.2
22.115 1.4
22.115 1.6
22.1151 1.8
22.1151 2
22.1152 2.2
22.1152 2.4
22.1153 2.6
22.1153 2.8
22.1154 3
22.1155 3.2
22.1156 3.4
22.1157 3.6
22.1158 3.8
22.1159 4
22.116 4.2
22.1161 4.4
22.1162 4.6
22.1163 4.8
22.1165 5
22.1166 5.2
22.1168 5.4
22.1169 5.6
22.117 5.8
22.1172 6
22.1174 6.2
22.1175 6.4
22.1177 6.6
22.1179 6.8
22.1181 7
22.1182 7.2
22.1184 7.4
22.1186 7.6
22.1188 7.8
22.1191 8
22.1193 8.2
22.1195 8.4
22.1197 8.6
22.1199 8.8
22.1202 9
22.1204 9.2
22.1207 9.4
22.1209 9.6
22.1212 9.8
22.1214 10
22.1217 10.2
22.122 10.4
22.1222 10.6
22.1225 10.8
22.1228 11
22.1231 11.2
22.1234 11.4
22.1237 11.6
22.124 11.8
22.1243 12
22.1246 12.2
22.1249 12.4
22.1253 12.6
22.1256 12.8
22.1259 13
22.1263 13.2
22.1266 13.4
22.127 13.6
22.1273 13.8
22.1277 14
22.128 14.2
22.1284 14.4
22.1288 14.6
22.1292 14.8
22.1295 15
22.1299 15.2
22.1303 15.4
22.1307 15.6
22.1311 15.8
22.1315 16
22.1319 16.2
22.1324 16.4
22.1328 16.6
22.1332 16.8
22.1336 17
22.1341 17.2
22.1345 17.4
22.135 17.6
22.1354 17.8
22.1359 18
22.1363 18.2
22.1368 18.4
22.1372 18.6
22.1377 18.8
22.1382 19
22.1387 19.2
22.1391 19.4
22.1396 19.6
22.1401 19.8
22.1406 20
22.1411 20.2
22.1416 20.4
22.1421 20.6
22.1426 20.8
22.1431 21
22.1437 21.2
22.1442 21.4
22.1447 21.6
22.1452 21.8
22.1458 22
22.1463 22.2
22.1469 22.4
22.1474 22.6
22.148 22.8
22.1485 23
22.1491 23.2
22.1496 23.4
22.1502 23.6
22.1508 23.8
22.1514 24
22.1519 24.2
22.1525 24.4
22.1531 24.6
22.1537 24.8
22.1543 25
22.1549 25.2
22.1555 25.4
22.1561 25.6
22.1567 25.8
22.1573 26
22.1579 26.2
22.1585 26.4
22.1591 26.6
22.1598 26.8
22.1604 27
22.161 27.2
22.1617 27.4
22.1623 27.6
22.1629 27.8
22.1636 28
22.1642 28.2
22.1649 28.4
22.1655 28.6
22.1662 28.8
22.1668 29
22.1675 29.2
22.1681 29.4
22.1688 29.6
22.1695 29.8
22.1702 30
22.1708 30.2
22.1715 30.4
22.1722 30.6
22.1729 30.8
22.1735 31
22.1742 31.2
22.1749 31.4
22.1756 31.6
22.1763 31.8
22.177 32
22.1777 32.2
22.1784 32.4
22.1791 32.6
22.1798 32.8
22.1805 33
22.1812 33.2
22.182 33.4
22.1827 33.6
22.1834 33.8
22.1841 34
22.1848 34.2
22.1856 34.4
22.1863 34.6
22.187 34.8
22.1877 35
22.1885 35.2
22.1892 35.4
22.19 35.6
22.1907 35.8
22.1914 36
22.1922 36.2
22.1929 36.4
22.1937 36.6
22.1944 36.8
22.1952 37
22.1959 37.2
22.1967 37.4
22.1974 37.6
22.1982 37.8
22.1989 38
22.1997 38.2
22.2004 38.4
22.2012 38.6
22.202 38.8
22.2027 39
22.2035 39.2
22.2042 39.4
22.205 39.6
22.2058 39.8
22.2065 40
22.2073 40.2
22.2081 40.4
22.2089 40.6
22.2096 40.8
22.2104 41
22.2112 41.2
22.2119 41.4
22.2127 41.6
22.2135 41.8
22.2143 42
22.215 42.2
22.2158 42.4
22.2166 42.6
22.2174 42.8
22.2182 43
22.2189 43.2
22.2197 43.4
22.2205 43.6
22.2213 43.8
22.2221 44
22.2228 44.2
22.2236 44.4
22.2244 44.6
22.2252 44.8
22.226 45
22.2267 45.2
22.2275 45.4
22.2283 45.6
22.2291 45.8
22.2299 46
22.2307 46.2
22.2314 46.4
22.2322 46.6
22.233 46.8
22.2338 47
22.2346 47.2
22.2353 47.4
22.2361 47.6
22.2369 47.8
22.2377 48
22.2385 48.2
22.2392 48.4
22.24 48.6
22.2408 48.8
22.2416 49
22.2423 49.2
22.2431 49.4
22.2439 49.6
22.2447 49.8
22.2454 50
22.2462 50.2
22.247 50.4
22.2477 50.6
22.2485 50.8
22.2493 51
22.25 51.2
22.2508 51.4
22.2516 51.6
22.2523 51.8
22.2531 52
22.2539 52.2
22.2546 52.4
22.2554 52.6
22.2561 52.8
22.2569 53
22.2576 53.2
22.2584 53.4
22.2591 53.6
22.2599 53.8
22.2606 54
22.2614 54.2
22.2621 54.4
22.2629 54.6
22.2636 54.8
22.2643 55
22.2651 55.2
22.2658 55.4
22.2665 55.6
22.2673 55.8
22.268 56
22.2687 56.2
22.2695 56.4
22.2702 56.6
22.2709 56.8
22.2716 57
22.2723 57.2
22.273 57.4
22.2738 57.6
22.2745 57.8
22.2752 58
22.2759 58.2
22.2766 58.4
22.2773 58.6
22.278 58.8
22.2787 59
22.2794 59.2
22.2801 59.4
22.2807 59.6
22.2814 59.8
22.2821 60
22.2828 60.2
22.2835 60.4
22.2841 60.6
22.2848 60.8
22.2855 61
22.2862 61.2
22.2868 61.4
22.2875 61.6
22.2881 61.8
22.2888 62
22.2894 62.2
22.2901 62.4
22.2907 62.6
22.2914 62.8
22.292 63
22.2926 63.2
22.2933 63.4
22.2939 63.6
22.2945 63.8
22.2952 64
22.2958 64.2
22.2964 64.4
22.297 64.6
22.2976 64.8
22.2982 65
22.2988 65.2
22.2994 65.4
22.3 65.6
22.3006 65.8
22.3012 66
22.3018 66.2
22.3024 66.4
22.3029 66.6
22.3035 66.8
22.3041 67
22.3046 67.2
22.3052 67.4
22.3058 67.6
22.3063 67.8
22.3069 68
22.3074 68.2
22.308 68.4
22.3085 68.6
22.309 68.8
22.3096 69
22.3101 69.2
22.3106 69.4
22.3111 69.6
22.3116 69.8
22.3122 70
22.3127 70.2
22.3132 70.4
22.3137 70.6
22.3141 70.8
22.3146 71
22.3151 71.2
22.3156 71.4
22.3161 71.6
22.3165 71.8
22.317 72
22.3175 72.2
22.3179 72.4
22.3184 72.6
22.3188 72.8
22.3193 73
22.3197 73.2
22.3202 73.4
22.3206 73.6
22.321 73.8
22.3214 74
22.3219 74.2
22.3223 74.4
22.3227 74.6
22.3231 74.8
22.3235 75
22.3239 75.2
22.3243 75.4
22.3246 75.6
22.325 75.8
22.3254 76
22.3258 76.2
22.3261 76.4
22.3265 76.6
22.3268 76.8
22.3272 77
22.3275 77.2
22.3279 77.4
22.3282 77.6
22.3286 77.8
22.3289 78
22.3292 78.2
22.3295 78.4
22.3298 78.6
22.3301 78.8
22.3304 79
22.3307 79.2
22.331 79.4
22.3313 79.6
22.3316 79.8
22.3319 80
22.3321 80.2
22.3324 80.4
22.3326 80.6
22.3329 80.8
22.3331 81
22.3334 81.2
22.3336 81.4
22.3339 81.6
22.3341 81.8
22.3343 82
22.3345 82.2
22.3347 82.4
22.3349 82.6
22.3352 82.8
22.3353 83
22.3355 83.2
22.3357 83.4
22.3359 83.6
22.3361 83.8
22.3362 84
22.3364 84.2
22.3366 84.4
22.3367 84.6
22.3369 84.8
22.337 85
22.3371 85.2
22.3373 85.4
22.3374 85.6
22.3375 85.8
22.3376 86
22.3378 86.2
22.3379 86.4
22.338 86.6
22.338 86.8
22.3381 87
22.3382 87.2
22.3383 87.4
22.3384 87.6
22.3384 87.8
22.3385 88
22.3385 88.2
22.3386 88.4
22.3386 88.6
22.3387 88.8
22.3387 89
22.3387 89.2
22.3388 89.4
22.3388 89.6
22.3388 89.8
22.3388 90
