0.0 0.0
0.005 0.0109589041096
0.01 0.0219178082192
0.015 0.0328767123288
0.02 0.0438356164384
0.025 0.0547945205479
0.03 0.0657534246575
0.035 0.0767123287671
0.04 0.0876712328767
0.045 0.0986301369863
0.05 0.109589041096
0.055 0.120547945205
0.06 0.127602739726
0.065 0.13198630137
0.07 0.136369863014
0.075 0.140753424658
0.08 0.145136986301
0.085 0.149520547945
0.09 0.153904109589
0.095 0.158287671233
0.1 0.162671232877
0.105 0.167054794521
0.11 0.171438356164
0.115 0.176232876712
0.12 0.182808219178
0.125 0.189383561644
0.13 0.19595890411
0.135 0.202534246575
0.14 0.209109589041
0.145 0.215684931507
0.15 0.222260273973
0.155 0.228835616438
0.16 0.235410958904
0.165 0.24198630137
0.17 0.248561643836
0.175 0.253424657534
0.18 0.257808219178
0.185 0.262191780822
0.19 0.266575342466
0.195 0.27095890411
0.2 0.275342465753
0.205 0.279726027397
0.21 0.284109589041
0.215 0.288493150685
0.22 0.292876712329
0.225 0.297260273973
0.23 0.301643835616
0.235 0.30602739726
0.24 0.310410958904
0.245 0.314794520548
0.25 0.319178082192
0.255 0.323561643836
0.26 0.327945205479
0.265 0.332328767123
0.27 0.336712328767
0.275 0.341095890411
0.28 0.345479452055
0.285 0.349863013699
0.29 0.356369863014
0.295 0.362945205479
0.3 0.369520547945
0.305 0.376095890411
0.31 0.382671232877
0.315 0.389246575342
0.32 0.395821917808
0.325 0.402397260274
0.33 0.40897260274
0.335 0.415547945205
0.34 0.422123287671
0.345 0.427465753425
0.35 0.431849315068
0.355 0.436232876712
0.36 0.440616438356
0.365 0.445
0.37 0.449383561644
0.375 0.453767123288
0.38 0.458150684932
0.385 0.462534246575
0.39 0.466917808219
0.395 0.471301369863
0.4 0.475684931507
0.405 0.480068493151
0.41 0.484452054795
0.415 0.488835616438
0.42 0.493219178082
0.425 0.497602739726
0.43 0.50198630137
0.435 0.506369863014
0.44 0.510753424658
0.445 0.515136986301
0.45 0.519520547945
0.455 0.523904109589
0.46 0.529931506849
0.465 0.536506849315
0.47 0.543082191781
0.475 0.549657534247
0.48 0.556232876712
0.485 0.562808219178
0.49 0.569383561644
0.495 0.57595890411
0.5 0.582534246575
0.505 0.589109589041
0.51 0.595684931507
0.515 0.601506849315
0.52 0.605890410959
0.525 0.610273972603
0.53 0.614657534247
0.535 0.61904109589
0.54 0.623424657534
0.545 0.627808219178
0.55 0.632191780822
0.555 0.636575342466
0.56 0.64095890411
0.565 0.645342465753
0.57 0.649726027397
0.575 0.656164383562
0.58 0.662739726027
0.585 0.669315068493
0.59 0.675890410959
0.595 0.682465753425
0.6 0.68904109589
0.605 0.695616438356
0.61 0.702191780822
0.615 0.708767123288
0.62 0.715342465753
0.625 0.721917808219
0.63 0.727328767123
0.635 0.731712328767
0.64 0.736095890411
0.645 0.740479452055
0.65 0.744863013699
0.655 0.749246575342
0.66 0.753630136986
0.665 0.75801369863
0.67 0.762397260274
0.675 0.766780821918
0.68 0.771164383562
0.685 0.775547945205
0.69 0.779931506849
0.695 0.784315068493
0.7 0.788698630137
0.705 0.793082191781
0.71 0.797465753425
0.715 0.801849315068
0.72 0.806232876712
0.725 0.810616438356
0.73 0.815
0.735 0.819383561644
0.74 0.823767123288
0.745 0.829726027397
0.75 0.836301369863
0.755 0.842876712329
0.76 0.849452054795
0.765 0.85602739726
0.77 0.862602739726
0.775 0.869178082192
0.78 0.875753424658
0.785 0.882328767123
0.79 0.888904109589
0.795 0.895479452055
0.8 0.901369863014
0.805 0.905753424658
0.81 0.910136986301
0.815 0.914520547945
0.82 0.918904109589
0.825 0.923287671233
0.83 0.927671232877
0.835 0.932054794521
0.84 0.936438356164
0.845 0.940821917808
0.85 0.945205479452
0.855 0.949589041096
0.86 0.95595890411
0.865 0.962534246575
0.87 0.969109589041
0.875 0.975684931507
0.88 0.982260273973
0.885 0.988835616438
0.89 0.995410958904
0.895 1.00198630137
0.9 1.00856164384
0.905 1.0151369863
0.91 1.02171232877
0.915 1.02719178082
0.92 1.03157534247
0.925 1.03595890411
0.93 1.04034246575
0.935 1.0447260274
0.94 1.04910958904
0.945 1.05349315068
0.95 1.05787671233
0.955 1.06226027397
0.96 1.06664383562
0.965 1.07102739726
0.97 1.0754109589
0.975 1.07979452055
0.98 1.08417808219
0.985 1.08856164384
0.99 1.09294520548
0.995 1.09732876712
1.0 1.10171232877
1.005 1.10609589041
1.01 1.11047945205
1.015 1.1148630137
1.02 1.11924657534
1.025 1.12363013699
1.03 1.12952054795
1.035 1.13609589041
1.04 1.14267123288
1.045 1.14924657534
1.05 1.15582191781
1.055 1.16239726027
1.06 1.16897260274
1.065 1.17554794521
1.07 1.18212328767
1.075 1.18869863014
1.08 1.1952739726
1.085 1.20123287671
1.09 1.20561643836
1.095 1.21
1.1 1.21438356164
1.105 1.21876712329
1.11 1.22315068493
1.115 1.22753424658
1.12 1.23191780822
1.125 1.23630136986
1.13 1.24068493151
1.135 1.24506849315
1.14 1.24945205479
1.145 1.25383561644
1.15 1.25821917808
1.155 1.26260273973
1.16 1.26698630137
1.165 1.27136986301
1.17 1.27575342466
1.175 1.2801369863
1.18 1.28452054795
1.185 1.28890410959
1.19 1.29328767123
1.195 1.29767123288
1.2 1.30308219178
1.205 1.30965753425
1.21 1.31623287671
1.215 1.32280821918
1.22 1.32938356164
1.225 1.33595890411
1.23 1.34253424658
1.235 1.34910958904
1.24 1.35568493151
1.245 1.36226027397
1.25 1.36883561644
1.255 1.3752739726
1.26 1.37965753425
1.265 1.38404109589
1.27 1.38842465753
1.275 1.39280821918
1.28 1.39719178082
1.285 1.40157534247
1.29 1.40595890411
1.295 1.41034246575
1.3 1.4147260274
1.305 1.41910958904
1.31 1.42349315068
1.315 1.42931506849
1.32 1.43589041096
1.325 1.44246575342
1.33 1.44904109589
1.335 1.45561643836
1.34 1.46219178082
1.345 1.46876712329
1.35 1.47534246575
1.355 1.48191780822
1.36 1.48849315068
1.365 1.49506849315
1.37 1.50109589041
1.375 1.50547945205
1.38 1.5098630137
1.385 1.51424657534
1.39 1.51863013699
1.395 1.52301369863
1.4 1.52739726027
1.405 1.53178082192
1.41 1.53616438356
1.415 1.54054794521
1.42 1.54493150685
1.425 1.54931506849
1.43 1.55369863014
1.435 1.55808219178
1.44 1.56246575342
1.445 1.56684931507
1.45 1.57123287671
1.455 1.57561643836
1.46 1.58
1.465 1.58438356164
1.47 1.58876712329
1.475 1.59315068493
1.48 1.59753424658
1.485 1.60287671233
1.49 1.60945205479
1.495 1.61602739726
1.5 1.62260273973
1.505 1.62917808219
1.51 1.63575342466
1.515 1.64232876712
1.52 1.64890410959
1.525 1.65547945205
1.53 1.66205479452
1.535 1.66863013699
1.54 1.6751369863
1.545 1.67952054795
1.55 1.68390410959
1.555 1.68828767123
1.56 1.69267123288
1.565 1.69705479452
1.57 1.70143835616
1.575 1.70582191781
1.58 1.71020547945
1.585 1.7145890411
1.59 1.71897260274
1.595 1.72335616438
1.6 1.72910958904
1.605 1.73568493151
1.61 1.74226027397
1.615 1.74883561644
1.62 1.7554109589
1.625 1.76198630137
1.63 1.76856164384
1.635 1.7751369863
1.64 1.78171232877
1.645 1.78828767123
1.65 1.7948630137
1.655 1.80095890411
1.66 1.80534246575
1.665 1.8097260274
1.67 1.81410958904
1.675 1.81849315068
1.68 1.82287671233
1.685 1.82726027397
1.69 1.83164383562
1.695 1.83602739726
1.7 1.8404109589
1.705 1.84479452055
1.71 1.84917808219
1.715 1.85356164384
1.72 1.85794520548
1.725 1.86232876712
1.73 1.86671232877
1.735 1.87109589041
1.74 1.87547945205
1.745 1.8798630137
1.75 1.88424657534
1.755 1.88863013699
1.76 1.89301369863
1.765 1.89739726027
1.77 1.90267123288
1.775 1.90924657534
1.78 1.91582191781
1.785 1.92239726027
1.79 1.92897260274
1.795 1.93554794521
1.8 1.94212328767
1.805 1.94869863014
1.81 1.9552739726
1.815 1.96184931507
1.82 1.96842465753
1.825 1.975
1.83 1.97938356164
1.835 1.98376712329
1.84 1.98815068493
1.845 1.99253424658
1.85 1.99691780822
1.855 2.00130136986
1.86 2.00568493151
1.865 2.01006849315
1.87 2.01445205479
1.875 2.01883561644
1.88 2.02321917808
1.885 2.02890410959
1.89 2.03547945205
1.895 2.04205479452
1.9 2.04863013699
1.905 2.05520547945
1.91 2.06178082192
1.915 2.06835616438
1.92 2.07493150685
1.925 2.08150684932
1.93 2.08808219178
1.935 2.09465753425
1.94 2.10082191781
1.945 2.10520547945
1.95 2.1095890411
1.955 2.11397260274
1.96 2.11835616438
1.965 2.12273972603
1.97 2.12712328767
1.975 2.13150684932
1.98 2.13589041096
1.985 2.1402739726
1.99 2.14465753425
1.995 2.14904109589
2.0 2.15342465753
2.005 2.15780821918
2.01 2.16219178082
2.015 2.16657534247
2.02 2.17095890411
2.025 2.17534246575
2.03 2.1797260274
2.035 2.18410958904
2.04 2.18849315068
2.045 2.19287671233
2.05 2.19726027397
2.055 2.20246575342
2.06 2.20904109589
2.065 2.21561643836
2.07 2.22219178082
2.075 2.22876712329
2.08 2.23534246575
2.085 2.24191780822
2.09 2.24849315068
2.095 2.25506849315
2.1 2.26164383562
2.105 2.26821917808
2.11 2.27479452055
2.115 2.27924657534
2.12 2.28363013699
2.125 2.28801369863
2.13 2.29239726027
2.135 2.29678082192
2.14 2.30116438356
2.145 2.30554794521
2.15 2.30993150685
2.155 2.31431506849
2.16 2.31869863014
2.165 2.32308219178
2.17 2.32746575342
2.175 2.33184931507
2.18 2.33623287671
2.185 2.34061643836
2.19 2.345
2.195 2.34938356164
2.2 2.35376712329
2.205 2.35815068493
2.21 2.36253424658
2.215 2.36691780822
2.22 2.37130136986
2.225 2.37602739726
2.23 2.38260273973
2.235 2.38917808219
2.24 2.39575342466
2.245 2.40232876712
2.25 2.40890410959
2.255 2.41547945205
2.26 2.42205479452
2.265 2.42863013699
2.27 2.43520547945
2.275 2.44178082192
2.28 2.44835616438
2.285 2.45328767123
2.29 2.45767123288
2.295 2.46205479452
2.3 2.46643835616
2.305 2.47082191781
2.31 2.47520547945
2.315 2.4795890411
2.32 2.48397260274
2.325 2.48835616438
2.33 2.49273972603
2.335 2.49712328767
2.34 2.50226027397
2.345 2.50883561644
2.35 2.5154109589
2.355 2.52198630137
2.36 2.52856164384
2.365 2.5351369863
2.37 2.54171232877
2.375 2.54828767123
2.38 2.5548630137
2.385 2.56143835616
2.39 2.56801369863
2.395 2.5745890411
2.4 2.57910958904
2.405 2.58349315068
2.41 2.58787671233
2.415 2.59226027397
2.42 2.59664383562
2.425 2.60102739726
2.43 2.6054109589
2.435 2.60979452055
2.44 2.61417808219
2.445 2.61856164384
2.45 2.62294520548
2.455 2.62732876712
2.46 2.63171232877
2.465 2.63609589041
2.47 2.64047945205
2.475 2.6448630137
2.48 2.64924657534
2.485 2.65363013699
2.49 2.65801369863
2.495 2.66239726027
2.5 2.66678082192
2.505 2.67116438356
2.51 2.67582191781
2.515 2.68239726027
2.52 2.68897260274
2.525 2.69554794521
2.53 2.70212328767
2.535 2.70869863014
2.54 2.7152739726
2.545 2.72184931507
2.55 2.72842465753
2.555 2.735
2.56 2.74157534247
2.565 2.74815068493
2.57 2.75315068493
2.575 2.75753424658
2.58 2.76191780822
2.585 2.76630136986
2.59 2.77068493151
2.595 2.77506849315
2.6 2.77945205479
2.605 2.78383561644
2.61 2.78821917808
2.615 2.79260273973
2.62 2.79698630137
2.625 2.80205479452
2.63 2.80863013699
2.635 2.81520547945
2.64 2.82178082192
2.645 2.82835616438
2.65 2.83493150685
2.655 2.84150684932
2.66 2.84808219178
2.665 2.85465753425
2.67 2.86123287671
2.675 2.86780821918
2.68 2.87438356164
2.685 2.87897260274
2.69 2.88335616438
2.695 2.88773972603
2.7 2.89212328767
2.705 2.89650684932
2.71 2.90089041096
2.715 2.9052739726
2.72 2.90965753425
2.725 2.91404109589
2.73 2.91842465753
2.735 2.92280821918
2.74 2.92719178082
2.745 2.93157534247
2.75 2.93595890411
2.755 2.94034246575
2.76 2.9447260274
2.765 2.94910958904
2.77 2.95349315068
2.775 2.95787671233
2.78 2.96226027397
2.785 2.96664383562
2.79 2.97102739726
2.795 2.97561643836
2.8 2.98219178082
2.805 2.98876712329
2.81 2.99534246575
2.815 3.00191780822
2.82 3.00849315068
2.825 3.01506849315
2.83 3.02164383562
2.835 3.02821917808
2.84 3.03479452055
2.845 3.04136986301
2.85 3.04794520548
2.855 3.05301369863
2.86 3.05739726027
2.865 3.06178082192
2.87 3.06616438356
2.875 3.07054794521
2.88 3.07493150685
2.885 3.07931506849
2.89 3.08369863014
2.895 3.08808219178
2.9 3.09246575342
2.905 3.09684931507
2.91 3.10123287671
2.915 3.10561643836
2.92 3.11
2.925 3.11438356164
2.93 3.11876712329
2.935 3.12315068493
2.94 3.12753424658
2.945 3.13191780822
2.95 3.13630136986
2.955 3.14068493151
2.96 3.14506849315
2.965 3.14945205479
2.97 3.15575342466
2.975 3.16232876712
2.98 3.16890410959
2.985 3.17547945205
2.99 3.18205479452
2.995 3.18863013699
3.0 3.19520547945
3.005 3.20178082192
3.01 3.20835616438
3.015 3.21493150685
3.02 3.22150684932
3.025 3.22705479452
3.03 3.23143835616
3.035 3.23582191781
3.04 3.24020547945
3.045 3.2445890411
3.05 3.24897260274
3.055 3.25335616438
3.06 3.25773972603
3.065 3.26212328767
3.07 3.26650684932
3.075 3.27089041096
3.08 3.2754109589
3.085 3.28198630137
3.09 3.28856164384
3.095 3.2951369863
3.1 3.30171232877
3.105 3.30828767123
3.11 3.3148630137
3.115 3.32143835616
3.12 3.32801369863
3.125 3.3345890411
3.13 3.34116438356
3.135 3.34773972603
3.14 3.35287671233
3.145 3.35726027397
3.15 3.36164383562
3.155 3.36602739726
3.16 3.3704109589
3.165 3.37479452055
3.17 3.37917808219
3.175 3.38356164384
3.18 3.38794520548
3.185 3.39232876712
3.19 3.39671232877
3.195 3.40109589041
3.2 3.40547945205
3.205 3.4098630137
3.21 3.41424657534
3.215 3.41863013699
3.22 3.42301369863
3.225 3.42739726027
3.23 3.43178082192
3.235 3.43616438356
3.24 3.44054794521
3.245 3.44493150685
3.25 3.44931506849
3.255 3.45554794521
3.26 3.46212328767
3.265 3.46869863014
3.27 3.4752739726
3.275 3.48184931507
3.28 3.48842465753
3.285 3.495
3.29 3.50157534247
3.295 3.50815068493
3.3 3.5147260274
3.305 3.52130136986
3.31 3.52691780822
3.315 3.53130136986
3.32 3.53568493151
3.325 3.54006849315
3.33 3.54445205479
3.335 3.54883561644
3.34 3.55321917808
3.345 3.55760273973
3.35 3.56198630137
3.355 3.56636986301
3.36 3.57075342466
3.365 3.57520547945
3.37 3.58178082192
3.375 3.58835616438
3.38 3.59493150685
3.385 3.60150684932
3.39 3.60808219178
3.395 3.61465753425
3.4 3.62123287671
3.405 3.62780821918
3.41 3.63438356164
3.415 3.64095890411
3.42 3.64753424658
3.425 3.65273972603
3.43 3.65712328767
3.435 3.66150684932
3.44 3.66589041096
3.445 3.6702739726
3.45 3.67465753425
3.455 3.67904109589
3.46 3.68342465753
3.465 3.68780821918
3.47 3.69219178082
3.475 3.69657534247
3.48 3.70095890411
3.485 3.70534246575
3.49 3.7097260274
3.495 3.71410958904
3.5 3.71849315068
3.505 3.72287671233
3.51 3.72726027397
3.515 3.73164383562
3.52 3.73602739726
3.525 3.7404109589
3.53 3.74479452055
3.535 3.74917808219
3.54 3.75534246575
3.545 3.76191780822
3.55 3.76849315068
3.555 3.77506849315
3.56 3.78164383562
3.565 3.78821917808
3.57 3.79479452055
3.575 3.80136986301
3.58 3.80794520548
3.585 3.81452054795
3.59 3.82109589041
3.595 3.82678082192
3.6 3.83116438356
3.605 3.83554794521
3.61 3.83993150685
3.615 3.84431506849
3.62 3.84869863014
3.625 3.85308219178
3.63 3.85746575342
3.635 3.86184931507
3.64 3.86623287671
3.645 3.87061643836
3.65 3.875
3.655 3.87938356164
3.66 3.88376712329
3.665 3.88815068493
3.67 3.89253424658
3.675 3.89691780822
3.68 3.90130136986
3.685 3.90568493151
3.69 3.91006849315
3.695 3.91445205479
3.7 3.91883561644
3.705 3.92321917808
3.71 3.92890410959
3.715 3.93547945205
3.72 3.94205479452
3.725 3.94863013699
3.73 3.95520547945
3.735 3.96178082192
3.74 3.96835616438
3.745 3.97493150685
3.75 3.98150684932
3.755 3.98808219178
3.76 3.99465753425
3.765 4.00082191781
3.77 4.00520547945
3.775 4.0095890411
3.78 4.01397260274
3.785 4.01835616438
3.79 4.02273972603
3.795 4.02712328767
3.8 4.03150684932
3.805 4.03589041096
3.81 4.0402739726
3.815 4.04465753425
3.82 4.04904109589
3.825 4.0551369863
3.83 4.06171232877
3.835 4.06828767123
3.84 4.0748630137
3.845 4.08143835616
3.85 4.08801369863
3.855 4.0945890411
3.86 4.10116438356
3.865 4.10773972603
3.87 4.11431506849
3.875 4.12089041096
3.88 4.12664383562
3.885 4.13102739726
3.89 4.1354109589
3.895 4.13979452055
3.9 4.14417808219
3.905 4.14856164384
3.91 4.15294520548
3.915 4.15732876712
3.92 4.16171232877
3.925 4.16609589041
3.93 4.17047945205
3.935 4.1748630137
3.94 4.17924657534
3.945 4.18363013699
3.95 4.18801369863
3.955 4.19239726027
3.96 4.19678082192
3.965 4.20116438356
3.97 4.20554794521
3.975 4.20993150685
3.98 4.21431506849
3.985 4.21869863014
3.99 4.22308219178
3.995 4.22869863014
4.0 4.2352739726
4.005 4.24184931507
4.01 4.24842465753
4.015 4.255
4.02 4.26157534247
4.025 4.26815068493
4.03 4.2747260274
4.035 4.28130136986
4.04 4.28787671233
4.045 4.29445205479
4.05 4.30068493151
4.055 4.30506849315
4.06 4.30945205479
4.065 4.31383561644
4.07 4.31821917808
4.075 4.32260273973
4.08 4.32698630137
4.085 4.33136986301
4.09 4.33575342466
4.095 4.3401369863
4.1 4.34452054795
4.105 4.34890410959
4.11 4.35493150685
4.115 4.36150684932
4.12 4.36808219178
4.125 4.37465753425
4.13 4.38123287671
4.135 4.38780821918
4.14 4.39438356164
4.145 4.40095890411
4.15 4.40753424658
4.155 4.41410958904
4.16 4.42068493151
4.165 4.42650684932
4.17 4.43089041096
4.175 4.4352739726
4.18 4.43965753425
4.185 4.44404109589
4.19 4.44842465753
4.195 4.45280821918
4.2 4.45719178082
4.205 4.46157534247
4.21 4.46595890411
4.215 4.47034246575
4.22 4.4747260274
4.225 4.47910958904
4.23 4.48349315068
4.235 4.48787671233
4.24 4.49226027397
4.245 4.49664383562
4.25 4.50102739726
4.255 4.5054109589
4.26 4.50979452055
4.265 4.51417808219
4.27 4.51856164384
4.275 4.52294520548
4.28 4.52849315068
4.285 4.53506849315
4.29 4.54164383562
4.295 4.54821917808
4.3 4.55479452055
4.305 4.56136986301
4.31 4.56794520548
4.315 4.57452054795
4.32 4.58109589041
4.325 4.58767123288
4.33 4.59424657534
4.335 4.60054794521
4.34 4.60493150685
4.345 4.60931506849
4.35 4.61369863014
4.355 4.61808219178
4.36 4.62246575342
4.365 4.62684931507
4.37 4.63123287671
4.375 4.63561643836
4.38 4.64
4.385 4.64438356164
4.39 4.64876712329
4.395 4.65315068493
4.4 4.65753424658
4.405 4.66191780822
4.41 4.66630136986
4.415 4.67068493151
4.42 4.67506849315
4.425 4.67945205479
4.43 4.68383561644
4.435 4.68821917808
4.44 4.69260273973
4.445 4.69698630137
4.45 4.70205479452
4.455 4.70863013699
4.46 4.71520547945
4.465 4.72178082192
4.47 4.72835616438
4.475 4.73493150685
4.48 4.74150684932
4.485 4.74808219178
4.49 4.75465753425
4.495 4.76123287671
4.5 4.76780821918
4.505 4.77438356164
4.51 4.77897260274
4.515 4.78335616438
4.52 4.78773972603
4.525 4.79212328767
4.53 4.79650684932
4.535 4.80089041096
4.54 4.8052739726
4.545 4.80965753425
4.55 4.81404109589
4.555 4.81842465753
4.56 4.82280821918
4.565 4.82719178082
4.57 4.83157534247
4.575 4.83595890411
4.58 4.84034246575
4.585 4.8447260274
4.59 4.84910958904
4.595 4.85349315068
4.6 4.85787671233
4.605 4.86226027397
4.61 4.86664383562
4.615 4.87102739726
4.62 4.87550085616
4.625 4.88084332192
4.63 4.88618578767
4.635 4.89152825343
4.64 4.89687071918
4.645 4.90221318493
4.65 4.90755565069
4.655 4.91289811644
4.66 4.9182405822
4.665 4.92358304795
4.67 4.9289255137
4.675 4.93426797946
4.68 4.93961044521
4.685 4.94495291096
4.69 4.95029537671
4.695 4.95563784247
4.7 4.96098030822
4.705 4.96632277397
4.71 4.97166523973
4.715 4.97700770548
4.72 4.98235017123
4.725 4.98769263699
4.73 4.99303510274
4.735 4.9983775685
4.74 5.00372003425
4.745 5.0090625
4.75 5.01440496576
4.755 5.01974743151
4.76 5.02508989727
4.765 5.03043236302
4.77 5.03577482877
4.775 5.04111729452
4.78 5.04645976028
4.785 5.05180222603
4.79 5.05714469178
4.795 5.06248715754
4.8 5.06782962329
4.805 5.07317208904
4.81 5.07851455479
4.815 5.08385702055
4.82 5.0891994863
4.825 5.09454195206
4.83 5.09988441781
4.835 5.10522688356
4.84 5.11056934932
4.845 5.11591181507
4.85 5.12125428083
4.855 5.12659674658
4.86 5.13193921233
4.865 5.13728167809
4.87 5.14262414384
4.875 5.14796660959
4.88 5.15330907534
4.885 5.1586515411
4.89 5.16399400685
4.895 5.1693364726
4.9 5.17467893836
4.905 5.18002140411
4.91 5.18536386986
4.915 5.19070633562
4.92 5.19604880137
4.925 5.20139126713
4.93 5.20673373288
4.935 5.21207619863
4.94 5.21741866439
4.945 5.22276113014
4.95 5.22810359589
4.955 5.23344606165
4.96 5.2387885274
4.965 5.24413099315
4.97 5.24947345891
4.975 5.25481592466
4.98 5.26015839041
4.985 5.26550085616
4.99 5.27084332192
4.995 5.27618578767
5.0 5.28152825342
5.005 5.28687071918
5.01 5.29221318493
5.015 5.29755565069
5.02 5.30289811644
5.025 5.30824058219
5.03 5.31358304795
5.035 5.3189255137
5.04 5.32426797946
5.045 5.32961044521
5.05 5.33495291096
5.055 5.34029537671
5.06 5.34563784247
5.065 5.35098030822
5.07 5.35632277397
5.075 5.36166523973
5.08 5.36700770548
5.085 5.37235017123
5.09 5.37769263699
5.095 5.38303510274
5.1 5.38837756849
5.105 5.39372003425
5.11 5.3990625
5.115 5.40440496576
5.12 5.40974743151
5.125 5.41508989726
5.13 5.42043236302
5.135 5.42577482877
5.14 5.43111729452
5.145 5.43645976028
5.15 5.44180222603
5.155 5.44714469178
5.16 5.45248715754
5.165 5.45782962329
5.17 5.46317208904
5.175 5.46851455479
5.18 5.47385702055
5.185 5.4791994863
5.19 5.48454195205
5.195 5.48988441781
5.2 5.49522688356
5.205 5.50056934932
5.21 5.50591181507
5.215 5.51125428082
5.22 5.51659674658
5.225 5.52193921233
5.23 5.52728167809
5.235 5.53262414384
5.24 5.53796660959
5.245 5.54330907534
5.25 5.5486515411
5.255 5.55399400685
5.26 5.5593364726
5.265 5.56467893836
5.27 5.57002140411
5.275 5.57536386986
5.28 5.58070633562
5.285 5.58604880137
5.29 5.59139126712
5.295 5.59673373288
5.3 5.60207619863
5.305 5.60741866439
5.31 5.61276113014
5.315 5.61810359589
5.32 5.62344606165
5.325 5.6287885274
5.33 5.63413099315
5.335 5.63947345891
5.34 5.64481592466
5.345 5.65015839041
5.35 5.65550085616
5.355 5.66084332192
5.36 5.66618578767
5.365 5.67152825342
5.37 5.67687071918
5.375 5.68221318493
5.38 5.68755565068
5.385 5.69289811644
5.39 5.69824058219
5.395 5.70358304795
5.4 5.7089255137
5.405 5.71426797945
5.41 5.71961044521
5.415 5.72495291096
5.42 5.73029537671
5.425 5.73563784247
5.43 5.74098030822
5.435 5.74632277397
5.44 5.75166523973
5.445 5.75700770548
5.45 5.76235017123
5.455 5.76769263698
5.46 5.77303510274
5.465 5.77837756849
5.47 5.78372003425
5.475 5.7890625
5.48 5.79440496575
5.485 5.79974743151
5.49 5.80508989726
5.495 5.81043236301
5.5 5.81577482877
5.505 5.82111729452
5.51 5.82645976028
5.515 5.83180222603
5.52 5.83714469178
5.525 5.84248715754
5.53 5.84782962329
5.535 5.85317208904
5.54 5.85851455479
5.545 5.86385702055
5.55 5.8691994863
5.555 5.87454195205
5.56 5.87988441781
5.565 5.88522688356
5.57 5.89056934931
5.575 5.89591181507
5.58 5.90125428082
5.585 5.90659674658
5.59 5.91193921233
5.595 5.91728167808
5.6 5.92262414384
5.605 5.92796660959
5.61 5.93330907534
5.615 5.9386515411
5.62 5.94399400685
5.625 5.9493364726
5.63 5.95467893836
5.635 5.96002140411
5.64 5.96536386986
5.645 5.97070633561
5.65 5.97604880137
5.655 5.98139126712
5.66 5.98673373287
5.665 5.99207619863
5.67 5.99741866438
5.675 6.00276113014
5.68 6.00810359589
5.685 6.01344606164
5.69 6.0187885274
5.695 6.02413099315
5.7 6.02947345891
5.705 6.03481592466
5.71 6.04015839041
5.715 6.04550085616
5.72 6.05084332192
5.725 6.05618578767
5.73 6.06152825342
5.735 6.06687071918
5.74 6.07221318493
5.745 6.07755565068
5.75 6.08289811644
5.755 6.08824058219
5.76 6.09358304794
5.765 6.0989255137
5.77 6.10426797945
5.775 6.10961044521
5.78 6.11495291096
5.785 6.12029537671
5.79 6.12563784247
5.795 6.13098030822
5.8 6.13632277397
5.805 6.14166523973
5.81 6.14700770548
5.815 6.15235017123
5.82 6.15769263698
5.825 6.16303510274
5.83 6.16837756849
5.835 6.17372003424
5.84 6.1790625
5.845 6.18440496575
5.85 6.1897474315
5.855 6.19508989726
5.86 6.20043236301
5.865 6.20577482877
5.87 6.21111729452
5.875 6.21645976027
5.88 6.22180222603
5.885 6.22714469178
5.89 6.23248715754
5.895 6.23782962329
5.9 6.24317208904
5.905 6.24851455479
5.91 6.25385702055
5.915 6.2591994863
5.92 6.26454195205
5.925 6.2698844178
5.93 6.27522688356
5.935 6.28056934931
5.94 6.28591181507
5.945 6.29125428082
5.95 6.29659674657
5.955 6.30193921233
5.96 6.30728167808
5.965 6.31262414384
5.97 6.31796660959
5.975 6.32330907534
5.98 6.3286515411
5.985 6.33399400685
5.99 6.3393364726
5.995 6.34467893836
6.0 6.35002140411
6.005 6.35536386986
6.01 6.36070633561
6.015 6.36604880137
6.02 6.37139126712
6.025 6.37673373287
6.03 6.38207619863
6.035 6.38741866438
6.04 6.39276113013
6.045 6.39810359589
6.05 6.40344606164
6.055 6.4087885274
6.06 6.41413099315
6.065 6.4194734589
6.07 6.42481592466
6.075 6.43015839041
6.08 6.43550085616
6.085 6.44084332192
6.09 6.44618578767
6.095 6.45152825342
6.1 6.45687071918
6.105 6.46221318493
6.11 6.46755565068
6.115 6.47289811643
6.12 6.47824058219
6.125 6.48358304794
6.13 6.4889255137
6.135 6.49426797945
6.14 6.4996104452
6.145 6.50495291096
6.15 6.51029537671
6.155 6.51563784247
6.16 6.52098030822
6.165 6.52632277397
6.17 6.53166523973
6.175 6.53700770548
6.18 6.54235017123
6.185 6.54769263698
6.19 6.55303510274
6.195 6.55837756849
6.2 6.56372003424
6.205 6.5690625
6.21 6.57440496575
6.215 6.5797474315
6.22 6.58508989726
6.225 6.59043236301
6.23 6.59577482876
6.235 6.60111729452
6.24 6.60645976027
6.245 6.61180222603
6.25 6.61714469178
6.255 6.62248715753
6.26 6.62782962329
6.265 6.63317208904
6.27 6.63851455479
6.275 6.64385702055
6.28 6.6491994863
6.285 6.65454195205
6.29 6.6598844178
6.295 6.66522688356
6.3 6.67056934931
6.305 6.67591181506
6.31 6.68125428082
6.315 6.68659674657
6.32 6.69193921233
6.325 6.69728167808
6.33 6.70262414383
6.335 6.70796660959
6.34 6.71330907534
6.345 6.7186515411
6.35 6.72399400685
6.355 6.7293364726
6.36 6.73467893836
6.365 6.74002140411
6.37 6.74536386986
6.375 6.75070633561
6.38 6.75604880137
6.385 6.76139126712
6.39 6.76673373287
6.395 6.77207619863
6.4 6.77741866438
6.405 6.78276113013
6.41 6.78810359589
6.415 6.79344606164
6.42 6.79878852739
6.425 6.80413099315
6.43 6.8094734589
6.435 6.81481592466
6.44 6.82015839041
6.445 6.82550085616
6.45 6.83084332192
6.455 6.83618578767
6.46 6.84152825343
6.465 6.84687071918
6.47 6.85221318493
6.475 6.85755565069
6.48 6.86289811644
6.485 6.8682405822
6.49 6.87358304795
6.495 6.8789255137
6.5 6.88426797946
6.505 6.88961044521
6.51 6.89495291096
6.515 6.90029537671
6.52 6.90563784247
6.525 6.91098030822
6.53 6.91632277397
6.535 6.92166523973
6.54 6.92700770548
6.545 6.93235017123
6.55 6.93769263699
6.555 6.94303510274
6.56 6.9483775685
6.565 6.95372003425
6.57 6.9590625
6.575 6.96440496576
6.58 6.96974743151
6.585 6.97508989727
6.59 6.98043236302
6.595 6.98577482877
6.6 6.99111729452
6.605 6.99645976028
6.61 7.00180222603
6.615 7.00714469178
6.62 7.01248715754
6.625 7.01782962329
6.63 7.02317208904
6.635 7.02851455479
6.64 7.03385702055
6.645 7.0391994863
6.65 7.04454195206
6.655 7.04988441781
6.66 7.05522688356
6.665 7.06056934932
6.67 7.06591181507
6.675 7.07125428083
6.68 7.07659674658
6.685 7.08193921233
6.69 7.08728167809
6.695 7.09262414384
6.7 7.09796660959
6.705 7.10330907534
6.71 7.1086515411
6.715 7.11399400685
6.72 7.1193364726
6.725 7.12467893836
6.73 7.13002140411
6.735 7.13536386986
6.74 7.14070633562
6.745 7.14604880137
6.75 7.15139126713
6.755 7.15673373288
6.76 7.16207619863
6.765 7.16741866439
6.77 7.17276113014
6.775 7.17810359589
6.78 7.18344606165
6.785 7.1887885274
6.79 7.19413099315
6.795 7.19947345891
6.8 7.20481592466
6.805 7.21015839041
6.81 7.21550085616
6.815 7.22084332192
6.82 7.22618578767
6.825 7.23152825342
6.83 7.23687071918
6.835 7.24221318493
6.84 7.24755565069
6.845 7.25289811644
6.85 7.25824058219
6.855 7.26358304795
6.86 7.2689255137
6.865 7.27426797946
6.87 7.27961044521
6.875 7.28495291096
6.88 7.29029537671
6.885 7.29563784247
6.89 7.30098030822
6.895 7.30632277397
6.9 7.31166523973
6.905 7.31700770548
6.91 7.32235017123
6.915 7.32769263699
6.92 7.33303510274
6.925 7.33837756849
6.93 7.34372003425
6.935 7.3490625
6.94 7.35440496576
6.945 7.35974743151
6.95 7.36508989726
6.955 7.37043236302
6.96 7.37577482877
6.965 7.38111729452
6.97 7.38645976028
6.975 7.39180222603
6.98 7.39714469178
6.985 7.40248715754
6.99 7.40782962329
6.995 7.41317208904
7.0 7.41851455479
7.005 7.42385702055
7.01 7.43129922945
7.015 7.43931292808
7.02 7.44732662671
7.025 7.45534032534
7.03 7.46335402397
7.035 7.47136772261
7.04 7.47938142124
7.045 7.48739511987
7.05 7.4954088185
7.055 7.50228167809
7.06 7.50762414384
7.065 7.51296660959
7.07 7.51830907534
7.075 7.5236515411
7.08 7.52899400685
7.085 7.5343364726
7.09 7.53967893836
7.095 7.54502140411
7.1 7.55036386986
7.105 7.55570633562
7.11 7.56104880137
7.115 7.56639126712
7.12 7.57173373288
7.125 7.57707619863
7.13 7.58241866439
7.135 7.58776113014
7.14 7.59310359589
7.145 7.59844606165
7.15 7.6037885274
7.155 7.60913099315
7.16 7.61447345891
7.165 7.61981592466
7.17 7.62515839041
7.175 7.63050085616
7.18 7.63584332192
7.185 7.64118578767
7.19 7.64652825342
7.195 7.65187071918
7.2 7.65721318493
7.205 7.66255565068
7.21 7.66789811644
7.215 7.67324058219
7.22 7.67858304795
7.225 7.6839255137
7.23 7.68926797945
7.235 7.69461044521
7.24 7.69995291096
7.245 7.70529537671
7.25 7.71063784247
7.255 7.71598030822
7.26 7.72132277397
7.265 7.72666523973
7.27 7.73200770548
7.275 7.73735017123
7.28 7.74269263698
7.285 7.74803510274
7.29 7.75337756849
7.295 7.75872003425
7.3 7.7640625
7.305 7.76940496575
7.31 7.77474743151
7.315 7.78008989726
7.32 7.78543236301
7.325 7.79077482877
7.33 7.79611729452
7.335 7.80145976028
7.34 7.80680222603
7.345 7.81214469178
7.35 7.81748715754
7.355 7.82282962329
7.36 7.82817208904
7.365 7.83351455479
7.37 7.83885702055
7.375 7.8441994863
7.38 7.84954195205
7.385 7.85488441781
7.39 7.86022688356
7.395 7.86556934931
7.4 7.87091181507
7.405 7.87625428082
7.41 7.88159674658
7.415 7.88693921233
7.42 7.89228167808
7.425 7.89762414384
7.43 7.90296660959
7.435 7.90830907534
7.44 7.9136515411
7.445 7.91899400685
7.45 7.9243364726
7.455 7.92967893836
7.46 7.93502140411
7.465 7.94036386986
7.47 7.94570633561
7.475 7.95104880137
7.48 7.95639126712
7.485 7.96173373287
7.49 7.96707619863
7.495 7.97241866438
7.5 7.97776113014
7.505 7.98310359589
7.51 7.98844606164
7.515 7.9937885274
7.52 7.99913099315
7.525 8.00447345891
7.53 8.00981592466
7.535 8.01515839041
7.54 8.02050085616
7.545 8.02584332192
7.55 8.03118578767
7.555 8.03652825342
7.56 8.04187071918
7.565 8.04721318493
7.57 8.05255565068
7.575 8.05789811644
7.58 8.06324058219
7.585 8.06858304794
7.59 8.0739255137
7.595 8.07926797945
7.6 8.08461044521
7.605 8.08995291096
7.61 8.09529537671
7.615 8.10063784247
7.62 8.10598030822
7.625 8.11132277397
7.63 8.11666523973
7.635 8.12200770548
7.64 8.12735017123
7.645 8.13269263698
7.65 8.13803510274
7.655 8.14337756849
7.66 8.14872003424
7.665 8.1540625
7.67 8.15940496575
7.675 8.1647474315
7.68 8.17008989726
7.685 8.17543236301
7.69 8.18077482877
7.695 8.18611729452
7.7 8.19145976027
7.705 8.19680222603
7.71 8.20214469178
7.715 8.20748715754
7.72 8.21282962329
7.725 8.21817208904
7.73 8.22351455479
7.735 8.22885702055
7.74 8.2341994863
7.745 8.23954195205
7.75 8.2448844178
7.755 8.25022688356
7.76 8.25556934931
7.765 8.26091181507
7.77 8.26625428082
7.775 8.27159674657
7.78 8.27693921233
7.785 8.28228167808
7.79 8.28762414384
7.795 8.29296660959
7.8 8.29830907534
7.805 8.3036515411
7.81 8.30899400685
7.815 8.3143364726
7.82 8.31967893836
7.825 8.32502140411
7.83 8.33036386986
7.835 8.33570633561
7.84 8.34104880137
7.845 8.34639126712
7.85 8.35173373287
7.855 8.35707619863
7.86 8.36241866438
7.865 8.36776113013
7.87 8.37310359589
7.875 8.37844606164
7.88 8.3837885274
7.885 8.38913099315
7.89 8.3944734589
7.895 8.39981592466
7.9 8.40515839041
7.905 8.41050085616
7.91 8.41584332192
7.915 8.42118578767
7.92 8.42652825342
7.925 8.43187071918
7.93 8.43721318493
7.935 8.44255565068
7.94 8.44789811643
7.945 8.45324058219
7.95 8.45858304794
7.955 8.4639255137
7.96 8.46926797945
7.965 8.4746104452
7.97 8.47995291096
7.975 8.48529537671
7.98 8.49063784247
7.985 8.49598030822
7.99 8.50132277397
7.995 8.50666523973
8.0 8.51200770548
8.005 8.51735017123
8.01 8.52269263698
8.015 8.52803510274
8.02 8.53337756849
8.025 8.53872003424
8.03 8.5440625
8.035 8.54940496575
8.04 8.5547474315
8.045 8.56008989726
8.05 8.56543236301
8.055 8.57077482876
8.06 8.57611729452
8.065 8.58145976027
8.07 8.58680222603
8.075 8.59214469178
8.08 8.59748715753
8.085 8.60282962329
8.09 8.60817208904
8.095 8.61351455479
8.1 8.61885702055
8.105 8.6241994863
8.11 8.62954195205
8.115 8.6348844178
8.12 8.64022688356
8.125 8.64556934931
8.13 8.65091181506
8.135 8.65625428082
8.14 8.66159674657
8.145 8.66693921233
8.15 8.67228167808
8.155 8.67762414383
8.16 8.68296660959
8.165 8.68830907534
8.17 8.6936515411
8.175 8.69899400685
8.18 8.7043364726
8.185 8.70967893836
8.19 8.71502140411
8.195 8.72036386986
8.2 8.72570633561
8.205 8.73104880137
8.21 8.73639126712
8.215 8.74173373287
8.22 8.74707619863
8.225 8.75241866438
8.23 8.75776113013
8.235 8.76310359589
8.24 8.76844606164
8.245 8.77378852739
8.25 8.77913099315
8.255 8.7844734589
8.26 8.78981592466
8.265 8.79515839041
8.27 8.80050085616
8.275 8.80584332192
8.28 8.81118578767
8.285 8.81652825343
8.29 8.82187071918
8.295 8.82721318493
8.3 8.83255565069
8.305 8.83789811644
8.31 8.8432405822
8.315 8.84858304795
8.32 8.8539255137
8.325 8.85926797946
8.33 8.86461044521
8.335 8.86995291096
8.34 8.87529537671
8.345 8.88063784247
8.35 8.88598030822
8.355 8.89132277397
8.36 8.89666523973
8.365 8.90200770548
8.37 8.90735017123
8.375 8.91269263699
8.38 8.91803510274
8.385 8.9233775685
8.39 8.92872003425
8.395 8.9340625
8.4 8.93940496576
8.405 8.94474743151
8.41 8.95008989727
8.415 8.95543236302
8.42 8.96077482877
8.425 8.96611729452
8.43 8.97145976028
8.435 8.97680222603
8.44 8.98214469178
8.445 8.98748715754
8.45 8.99282962329
8.455 8.99817208904
8.46 9.00351455479
8.465 9.00885702055
8.47 9.0141994863
8.475 9.01954195206
8.48 9.02488441781
8.485 9.03022688356
8.49 9.03556934932
8.495 9.04091181507
8.5 9.04625428083
8.505 9.05159674658
8.51 9.05693921233
8.515 9.06228167809
8.52 9.06762414384
8.525 9.07296660959
8.53 9.07830907534
8.535 9.0836515411
8.54 9.08899400685
8.545 9.0943364726
8.55 9.09967893836
8.555 9.10502140411
8.56 9.11036386986
8.565 9.11570633562
8.57 9.12104880137
8.575 9.12639126713
8.58 9.13173373288
8.585 9.13707619863
8.59 9.14241866439
8.595 9.14776113014
8.6 9.15310359589
8.605 9.15844606165
8.61 9.1637885274
8.615 9.16913099315
8.62 9.17447345891
8.625 9.17981592466
8.63 9.18515839041
8.635 9.19050085616
8.64 9.19584332192
8.645 9.20118578767
8.65 9.20652825342
8.655 9.21187071918
8.66 9.21721318493
8.665 9.22255565069
8.67 9.22789811644
8.675 9.23324058219
8.68 9.23858304795
8.685 9.2439255137
8.69 9.24926797946
8.695 9.25461044521
8.7 9.25995291096
8.705 9.26529537671
8.71 9.27063784247
8.715 9.27598030822
8.72 9.28132277397
8.725 9.28666523973
8.73 9.29200770548
8.735 9.29735017123
8.74 9.30269263699
8.745 9.30803510274
8.75 9.31337756849
8.755 9.31872003425
8.76 9.3240625
8.765 9.32940496576
8.77 9.33474743151
8.775 9.34008989726
8.78 9.34543236302
8.785 9.35077482877
8.79 9.35611729452
8.795 9.36145976028
8.8 9.36680222603
8.805 9.37214469178
8.81 9.37748715754
8.815 9.38282962329
8.82 9.38817208904
8.825 9.39351455479
8.83 9.39885702055
8.835 9.4041994863
8.84 9.40954195205
8.845 9.41488441781
8.85 9.42022688356
8.855 9.42556934932
8.86 9.43091181507
8.865 9.43625428082
8.87 9.44159674658
8.875 9.44693921233
8.88 9.45228167809
8.885 9.45762414384
8.89 9.46296660959
8.895 9.46830907534
8.9 9.4736515411
8.905 9.47899400685
8.91 9.4843364726
8.915 9.48967893836
8.92 9.49502140411
8.925 9.50036386986
8.93 9.50570633562
8.935 9.51104880137
8.94 9.51639126712
8.945 9.52173373288
8.95 9.52707619863
8.955 9.53241866439
8.96 9.53776113014
8.965 9.54310359589
8.97 9.54844606165
8.975 9.5537885274
8.98 9.55913099315
8.985 9.56447345891
8.99 9.56981592466
8.995 9.57515839041
9.0 9.58050085616
9.005 9.58584332192
9.01 9.59118578767
9.015 9.59652825342
9.02 9.60187071918
9.025 9.60721318493
9.03 9.61255565068
9.035 9.61789811644
9.04 9.62324058219
9.045 9.62858304795
9.05 9.6339255137
9.055 9.63926797945
9.06 9.64461044521
9.065 9.64995291096
9.07 9.65529537671
9.075 9.66063784247
9.08 9.66598030822
9.085 9.67132277397
9.09 9.67666523973
9.095 9.68200770548
9.1 9.68735017123
9.105 9.69269263698
9.11 9.69803510274
9.115 9.70337756849
9.12 9.70872003425
9.125 9.7140625
9.13 9.71940496575
9.135 9.72474743151
9.14 9.73008989726
9.145 9.73543236301
9.15 9.74077482877
9.155 9.74611729452
9.16 9.75145976028
9.165 9.75680222603
9.17 9.76214469178
9.175 9.76748715754
9.18 9.77282962329
9.185 9.77817208904
9.19 9.78351455479
9.195 9.78885702055
9.2 9.7941994863
9.205 9.79954195205
9.21 9.80488441781
9.215 9.81022688356
9.22 9.81556934931
9.225 9.82091181507
9.23 9.82625428082
9.235 9.83159674658
9.24 9.83693921233
9.245 9.84228167808
9.25 9.84762414384
9.255 9.85296660959
9.26 9.85830907534
9.265 9.8636515411
9.27 9.86899400685
9.275 9.8743364726
9.28 9.87967893836
9.285 9.88502140411
9.29 9.89036386986
9.295 9.89570633561
9.3 9.90104880137
9.305 9.90639126712
9.31 9.91173373287
9.315 9.91707619863
9.32 9.92241866438
9.325 9.92776113014
9.33 9.93310359589
9.335 9.93844606164
9.34 9.9437885274
9.345 9.94913099315
9.35 9.95447345891
9.355 9.95981592466
9.36 9.96515839041
9.365 9.97050085616
9.37 9.97584332192
9.375 9.98118578767
9.38 9.98652825342
9.385 9.99187071918
9.39 9.99721318493
9.395 10.0025556507
9.4 10.0078981164
9.405 10.0132405822
9.41 10.0185830479
9.415 10.0239255137
9.42 10.0292679795
9.425 10.0346104452
9.43 10.039952911
9.435 10.0452953767
9.44 10.0506378425
9.445 10.0559803082
9.45 10.061322774
9.455 10.0666652397
9.46 10.0720077055
9.465 10.0773501712
9.47 10.082692637
9.475 10.0880351027
9.48 10.0933775685
9.485 10.0987200342
9.49 10.1040625
9.495 10.1094049658
9.5 10.1147474315
9.505 10.1200898973
9.51 10.125432363
9.515 10.1307748288
9.52 10.1361172945
9.525 10.1414597603
9.53 10.146802226
9.535 10.1521446918
9.54 10.1574871575
9.545 10.1628296233
9.55 10.168172089
9.555 10.1735145548
9.56 10.1788570205
9.565 10.1841994863
9.57 10.1895419521
9.575 10.1948844178
9.58 10.2002268836
9.585 10.2055693493
9.59 10.2109118151
9.595 10.2162542808
9.6 10.2215967466
9.605 10.2269392123
9.61 10.2322816781
9.615 10.2376241438
9.62 10.2429666096
9.625 10.2483090753
9.63 10.2536515411
9.635 10.2589940068
9.64 10.2643364726
9.645 10.2696789384
9.65 10.2750214041
9.655 10.2803638699
9.66 10.2857063356
9.665 10.2910488014
9.67 10.2963912671
9.675 10.3017337329
9.68 10.3070761986
9.685 10.3124186644
9.69 10.3177611301
9.695 10.3231035959
9.7 10.3284460616
9.705 10.3337885274
9.71 10.3391309932
9.715 10.3444734589
9.72 10.3498159247
9.725 10.3551583904
9.73 10.3605008562
9.735 10.3658433219
9.74 10.3711857877
9.745 10.3765282534
9.75 10.3818707192
9.755 10.3872131849
9.76 10.3925556507
9.765 10.3978981164
9.77 10.4032405822
9.775 10.4085830479
9.78 10.4139255137
9.785 10.4192679794
9.79 10.4246104452
9.795 10.429952911
9.8 10.4352953767
9.805 10.4406378425
9.81 10.4459803082
9.815 10.451322774
9.82 10.4566652397
9.825 10.4620077055
9.83 10.4673501712
9.835 10.472692637
9.84 10.4780351027
9.845 10.4833775685
9.85 10.4887200342
9.855 10.4940625
9.86 10.4994049657
9.865 10.5047474315
9.87 10.5100898973
9.875 10.515432363
9.88 10.5207748288
9.885 10.5261172945
9.89 10.5314597603
9.895 10.536802226
9.9 10.5421446918
9.905 10.5474871575
9.91 10.5528296233
9.915 10.558172089
9.92 10.5635145548
9.925 10.5688570205
9.93 10.5741994863
9.935 10.5795419521
9.94 10.5848844178
9.945 10.5902268836
9.95 10.5955693493
9.955 10.6009118151
9.96 10.6062542808
9.965 10.6115967466
9.97 10.6169392123
9.975 10.6222816781
9.98 10.6276241438
9.985 10.6329666096
9.99 10.6383090753
9.995 10.6436515411
10.0 10.6489940069
10.005 10.6543364726
10.01 10.6596789384
10.015 10.6650214041
10.02 10.6703638699
10.025 10.6757063356
10.03 10.6810488014
10.035 10.6863912671
10.04 10.6917337329
10.045 10.6970761986
10.05 10.7024186644
10.055 10.7077611301
10.06 10.7131035959
10.065 10.7184460616
10.07 10.7237885274
10.075 10.7291309932
10.08 10.7344734589
10.085 10.7398159247
10.09 10.7451583904
10.095 10.7505008562
10.1 10.7558433219
10.105 10.7611857877
10.11 10.7665282534
10.115 10.7718707192
10.12 10.7772131849
10.125 10.7825556507
10.13 10.7878981164
10.135 10.7932405822
10.14 10.7985830479
10.145 10.8039255137
10.15 10.8092679794
10.155 10.8146104452
10.16 10.819952911
10.165 10.8252953767
10.17 10.8306378425
10.175 10.8359803082
10.18 10.841322774
10.185 10.8466652397
10.19 10.8520077055
10.195 10.8573501712
10.2 10.862692637
10.205 10.8680351027
10.21 10.8733775685
10.215 10.8787200342
10.22 10.8840625
10.225 10.8894049657
10.23 10.8947474315
10.235 10.9000898972
10.24 10.905432363
10.245 10.9107748287
10.25 10.9161172945
10.255 10.9214597603
10.26 10.926802226
10.265 10.9321446918
10.27 10.9374871575
10.275 10.9428296233
10.28 10.948172089
10.285 10.9535145548
10.29 10.9588570205
10.295 10.9641994863
10.3 10.969541952
10.305 10.9748844178
10.31 10.9802268835
10.315 10.9855693493
10.32 10.990911815
10.325 10.9962542808
10.33 11.0015967465
10.335 11.0069392123
10.34 11.0122816781
10.345 11.0176241438
10.35 11.0229666096
10.355 11.0283090753
10.36 11.0336515411
10.365 11.0389940068
10.37 11.0443364726
10.375 11.0496789383
10.38 11.0550214041
10.385 11.0603638698
10.39 11.0657063356
10.395 11.0710488013
10.4 11.0763912671
10.405 11.0817337328
10.41 11.0870761986
10.415 11.0924186643
10.42 11.0977611301
10.425 11.1031035959
10.43 11.1084460616
10.435 11.1137885274
10.44 11.1191309931
10.445 11.1244734589
10.45 11.1298159246
10.455 11.1351583904
10.46 11.1405008561
10.465 11.1458433219
10.47 11.1511857876
10.475 11.1565282534
10.48 11.1618707191
10.485 11.1672131849
10.49 11.1725556506
10.495 11.1778981164
10.5 11.1832405821
10.505 11.1885830479
10.51 11.1939255136
10.515 11.1992679794
10.52 11.2046104452
10.525 11.2099529109
10.53 11.2152953767
10.535 11.2206378425
10.54 11.2259803082
10.545 11.231322774
10.55 11.2366652398
10.555 11.2420077055
10.56 11.2473501713
10.565 11.252692637
10.57 11.2580351028
10.575 11.2633775685
10.58 11.2687200343
10.585 11.2740625
10.59 11.2794049658
10.595 11.2847474316
10.6 11.2900898973
10.605 11.2954323631
10.61 11.3007748288
10.615 11.3061172946
10.62 11.3114597603
10.625 11.3168022261
10.63 11.3221446918
10.635 11.3274871576
10.64 11.3328296233
10.645 11.3381720891
10.65 11.3435145548
10.655 11.3488570206
10.66 11.3541994863
10.665 11.3595419521
10.67 11.3648844178
10.675 11.3702268836
10.68 11.3755693494
10.685 11.3809118151
10.69 11.3862542809
10.695 11.3915967466
10.7 11.3969392124
10.705 11.4022816781
10.71 11.4076241439
10.715 11.4129666096
10.72 11.4183090754
10.725 11.4236515411
10.73 11.4289940069
10.735 11.4343364726
10.74 11.4396789384
10.745 11.4450214041
10.75 11.4503638699
10.755 11.4557063356
10.76 11.4610488014
10.765 11.4663912672
10.77 11.4717337329
10.775 11.4770761987
10.78 11.4824186644
10.785 11.4877611302
10.79 11.4931035959
10.795 11.4984460617
10.8 11.5037885274
10.805 11.5091309932
10.81 11.5144734589
10.815 11.5198159247
10.82 11.5251583904
10.825 11.5305008562
10.83 11.5358433219
10.835 11.5411857877
10.84 11.5465282534
10.845 11.5518707192
10.85 11.5572131849
10.855 11.5625556507
10.86 11.5678981165
10.865 11.5732405822
10.87 11.578583048
10.875 11.5839255137
10.88 11.5892679795
10.885 11.5946104452
10.89 11.599952911
10.895 11.6052953767
10.9 11.6106378425
10.905 11.6159803082
10.91 11.621322774
10.915 11.6266652397
10.92 11.6320077055
10.925 11.6373501712
10.93 11.642692637
10.935 11.6480351027
10.94 11.6533775685
10.945 11.6587200343
10.95 11.6640625
10.955 11.6694049658
10.96 11.6747474315
10.965 11.6800898973
10.97 11.685432363
10.975 11.6907748288
10.98 11.6961172945
10.985 11.7014597603
10.99 11.706802226
10.995 11.7121446918
11.0 11.7174871575
11.005 11.7228296233
11.01 11.728172089
11.015 11.7335145548
11.02 11.7388570205
11.025 11.7441994863
11.03 11.7495419521
11.035 11.7548844178
11.04 11.7602268836
11.045 11.7655693493
11.05 11.7709118151
11.055 11.7762542808
11.06 11.7815967466
11.065 11.7869392123
11.07 11.7922816781
11.075 11.7976241438
11.08 11.8029666096
11.085 11.8083090753
11.09 11.8136515411
11.095 11.8189940068
11.1 11.8243364726
11.105 11.8296789383
11.11 11.8350214041
11.115 11.8403638699
11.12 11.8457063356
11.125 11.8510488014
11.13 11.8563912671
11.135 11.8617337329
11.14 11.8670761986
11.145 11.8724186644
11.15 11.8777611301
11.155 11.8831035959
11.16 11.8884460616
11.165 11.8937885274
11.17 11.8991309931
11.175 11.9044734589
11.18 11.9098159246
11.185 11.9151583904
11.19 11.9205008561
11.195 11.9258433219
11.2 11.9311857876
11.205 11.9365282534
11.21 11.9418707192
11.215 11.9472131849
11.22 11.9525556507
11.225 11.9578981164
11.23 11.9632405822
11.235 11.9685830479
11.24 11.9739255137
11.245 11.9792679794
11.25 11.9846104452
11.255 11.9899529109
11.26 11.9952953767
11.265 12.0006378424
11.27 12.0059803082
11.275 12.0113227739
11.28 12.0166652397
11.285 12.0220077054
11.29 12.0273501712
11.295 12.032692637
11.3 12.0380351027
11.305 12.0433775685
11.31 12.0487200342
11.315 12.0540625
11.32 12.0594049657
11.325 12.0647474315
11.33 12.0700898972
11.335 12.075432363
11.34 12.0807748287
11.345 12.0861172945
11.35 12.0914597602
11.355 12.096802226
11.36 12.1021446917
11.365 12.1074871575
11.37 12.1128296232
11.375 12.118172089
11.38 12.1235145548
11.385 12.1288570205
11.39 12.1341994863
11.395 12.139541952
11.4 12.1448844178
11.405 12.1502268835
11.41 12.1555693493
11.415 12.160911815
11.42 12.1662542808
11.425 12.1715967465
11.43 12.1769392123
11.435 12.182281678
11.44 12.1876241438
11.445 12.1929666095
11.45 12.1983090753
11.455 12.2036515411
11.46 12.2089940068
11.465 12.2143364726
11.47 12.2196789383
11.475 12.2250214041
11.48 12.2303638699
11.485 12.2357063356
11.49 12.2410488014
11.495 12.2463912672
11.5 12.2517337329
11.505 12.2570761987
11.51 12.2624186644
11.515 12.2677611302
11.52 12.2731035959
11.525 12.2784460617
11.53 12.2837885274
11.535 12.2891309932
11.54 12.2944734589
11.545 12.2998159247
11.55 12.3051583905
11.555 12.3105008562
11.56 12.315843322
11.565 12.3211857877
11.57 12.3265282535
11.575 12.3318707192
11.58 12.337213185
11.585 12.3425556507
11.59 12.3478981165
11.595 12.3532405822
11.6 12.358583048
11.605 12.3639255137
11.61 12.3692679795
11.615 12.3746104452
11.62 12.379952911
11.625 12.3852953767
11.63 12.3906378425
11.635 12.3959803083
11.64 12.401322774
11.645 12.4066652398
11.65 12.4120077055
11.655 12.4173501713
11.66 12.422692637
11.665 12.4280351028
11.67 12.4333775685
11.675 12.4387200343
11.68 12.4440625
11.685 12.4494049658
11.69 12.4547474315
11.695 12.4600898973
11.7 12.465432363
11.705 12.4707748288
11.71 12.4761172945
11.715 12.4814597603
11.72 12.4868022261
11.725 12.4921446918
11.73 12.4974871576
11.735 12.5028296233
11.74 12.5081720891
11.745 12.5135145548
11.75 12.5188570206
11.755 12.5241994863
11.76 12.5295419521
11.765 12.5348844178
11.77 12.5402268836
11.775 12.5455693493
11.78 12.5509118151
11.785 12.5562542808
11.79 12.5615967466
11.795 12.5669392123
11.8 12.5722816781
11.805 12.5776241438
11.81 12.5829666096
11.815 12.5883090754
11.82 12.5936515411
11.825 12.5989940069
11.83 12.6043364726
11.835 12.6096789384
11.84 12.6150214041
11.845 12.6203638699
11.85 12.6257063356
11.855 12.6310488014
11.86 12.6363912671
11.865 12.6417337329
11.87 12.6470761986
11.875 12.6524186644
11.88 12.6577611301
11.885 12.6631035959
11.89 12.6684460616
11.895 12.6737885274
11.9 12.6791309932
11.905 12.6844734589
11.91 12.6898159247
11.915 12.6951583904
11.92 12.7005008562
11.925 12.7058433219
11.93 12.7111857877
11.935 12.7165282534
11.94 12.7218707192
11.945 12.7272131849
11.95 12.7325556507
11.955 12.7378981164
11.96 12.7432405822
11.965 12.7485830479
11.97 12.7539255137
11.975 12.7592679794
11.98 12.7646104452
11.985 12.769952911
11.99 12.7752953767
11.995 12.7806378425
12.0 12.7859803082
12.005 12.791322774
12.01 12.7966652397
12.015 12.8020077055
12.02 12.8073501712
12.025 12.812692637
12.03 12.8180351027
12.035 12.8233775685
12.04 12.8287200342
12.045 12.8340625
12.05 12.8394049657
12.055 12.8447474315
12.06 12.8500898972
12.065 12.855432363
12.07 12.8607748287
12.075 12.8661172945
12.08 12.8714597603
12.085 12.876802226
12.09 12.8821446918
12.095 12.8874871575
12.1 12.8928296233
12.105 12.898172089
12.11 12.9035145548
12.115 12.9088570205
12.12 12.9141994863
12.125 12.919541952
12.13 12.9248844178
12.135 12.9302268835
12.14 12.9355693493
12.145 12.940911815
12.15 12.9462542808
12.155 12.9515967465
12.16 12.9569392123
12.165 12.9622816781
12.17 12.9676241438
12.175 12.9729666096
12.18 12.9783090753
12.185 12.9836515411
12.19 12.9889940068
12.195 12.9943364726
12.2 12.9996789383
12.205 13.0050214041
12.21 13.0103638698
12.215 13.0157063356
12.22 13.0210488013
12.225 13.0263912671
12.23 13.0317337328
12.235 13.0370761986
12.24 13.0424186643
12.245 13.0477611301
12.25 13.0531035959
12.255 13.0584460616
12.26 13.0637885274
12.265 13.0691309931
12.27 13.0744734589
12.275 13.0798159246
12.28 13.0851583904
12.285 13.0905008561
12.29 13.0958433219
12.295 13.1011857876
12.3 13.1065282534
12.305 13.1118707191
12.31 13.1172131849
12.315 13.1225556506
12.32 13.1278981164
12.325 13.1332405821
12.33 13.1385830479
12.335 13.1439255136
12.34 13.1492679794
12.345 13.1546104452
12.35 13.1599529109
12.355 13.1652953767
12.36 13.1706378425
12.365 13.1759803082
12.37 13.181322774
12.375 13.1866652398
12.38 13.1920077055
12.385 13.1973501713
12.39 13.202692637
12.395 13.2080351028
12.4 13.2133775685
12.405 13.2187200343
12.41 13.2240625
12.415 13.2294049658
12.42 13.2347474316
12.425 13.2400898973
12.43 13.2454323631
12.435 13.2507748288
12.44 13.2561172946
12.445 13.2614597603
12.45 13.2668022261
12.455 13.2721446918
12.46 13.2774871576
12.465 13.2828296233
12.47 13.2881720891
12.475 13.2935145548
12.48 13.2988570206
12.485 13.3041994863
12.49 13.3095419521
12.495 13.3148844178
12.5 13.3202268836
12.505 13.3255693494
12.51 13.3309118151
12.515 13.3362542809
12.52 13.3415967466
12.525 13.3469392124
12.53 13.3522816781
12.535 13.3576241439
12.54 13.3629666096
12.545 13.3683090754
12.55 13.3736515411
12.555 13.3789940069
12.56 13.3843364726
12.565 13.3896789384
12.57 13.3950214041
12.575 13.4003638699
12.58 13.4057063356
12.585 13.4110488014
12.59 13.4163912672
12.595 13.4217337329
12.6 13.4270761987
12.605 13.4324186644
12.61 13.4377611302
12.615 13.4431035959
12.62 13.4484460617
12.625 13.4537885274
12.63 13.4591309932
12.635 13.4644734589
12.64 13.4698159247
12.645 13.4751583904
12.65 13.4805008562
12.655 13.4858433219
12.66 13.4911857877
12.665 13.4965282534
12.67 13.5018707192
12.675 13.5072131849
12.68 13.5125556507
12.685 13.5178981165
12.69 13.5232405822
12.695 13.528583048
12.7 13.5339255137
12.705 13.5392679795
12.71 13.5446104452
12.715 13.549952911
12.72 13.5552953767
12.725 13.5606378425
12.73 13.5659803082
12.735 13.571322774
12.74 13.5766652397
12.745 13.5820077055
12.75 13.5873501712
12.755 13.592692637
12.76 13.5980351027
12.765 13.6033775685
12.77 13.6087200343
12.775 13.6140625
12.78 13.6194049658
12.785 13.6247474315
12.79 13.6300898973
12.795 13.635432363
12.8 13.6407748288
12.805 13.6461172945
12.81 13.6514597603
12.815 13.656802226
12.82 13.6621446918
12.825 13.6674871575
12.83 13.6728296233
12.835 13.678172089
12.84 13.6835145548
12.845 13.6888570205
12.85 13.6941994863
12.855 13.6995419521
12.86 13.7048844178
12.865 13.7102268836
12.87 13.7155693493
12.875 13.7209118151
12.88 13.7262542808
12.885 13.7315967466
12.89 13.7369392123
12.895 13.7422816781
12.9 13.7476241438
12.905 13.7529666096
12.91 13.7583090753
12.915 13.7636515411
12.92 13.7689940068
12.925 13.7743364726
12.93 13.7796789383
12.935 13.7850214041
12.94 13.7903638699
12.945 13.7957063356
12.95 13.8010488014
12.955 13.8063912671
12.96 13.8117337329
12.965 13.8170761986
12.97 13.8224186644
12.975 13.8277611301
12.98 13.8331035959
12.985 13.8384460616
12.99 13.8437885274
12.995 13.8491309931
13.0 13.8544734589
13.005 13.8598159246
13.01 13.8651583904
13.015 13.8705008561
13.02 13.8758433219
13.025 13.8811857876
13.03 13.8865282534
13.035 13.8918707192
13.04 13.8972131849
13.045 13.9025556507
13.05 13.9078981164
13.055 13.9132405822
13.06 13.9185830479
13.065 13.9239255137
13.07 13.9292679794
13.075 13.9346104452
13.08 13.9399529109
13.085 13.9452953767
13.09 13.9506378424
13.095 13.9559803082
13.1 13.9613227739
13.105 13.9666652397
13.11 13.9720077054
13.115 13.9773501712
13.12 13.982692637
13.125 13.9880351027
13.13 13.9933775685
13.135 13.9987200342
13.14 14.0040625
13.145 14.0094049657
13.15 14.0147474315
13.155 14.0200898972
13.16 14.025432363
13.165 14.0307748287
13.17 14.0361172945
13.175 14.0414597602
13.18 14.046802226
13.185 14.0521446917
13.19 14.0574871575
13.195 14.0628296232
13.2 14.068172089
13.205 14.0735145548
13.21 14.0788570205
13.215 14.0841994863
13.22 14.089541952
13.225 14.0948844178
13.23 14.1002268835
13.235 14.1055693493
13.24 14.110911815
13.245 14.1162542808
13.25 14.1215967465
13.255 14.1269392123
13.26 14.132281678
13.265 14.1376241438
13.27 14.1429666095
13.275 14.1483090753
13.28 14.1536515411
13.285 14.1589940068
13.29 14.1643364726
13.295 14.1696789383
13.3 14.1750214041
13.305 14.1803638699
13.31 14.1857063356
13.315 14.1910488014
13.32 14.1963912672
13.325 14.2017337329
13.33 14.2070761987
13.335 14.2124186644
13.34 14.2177611302
13.345 14.2231035959
13.35 14.2284460617
13.355 14.2337885274
13.36 14.2391309932
13.365 14.2444734589
13.37 14.2498159247
13.375 14.2551583905
13.38 14.2605008562
13.385 14.265843322
13.39 14.2711857877
13.395 14.2765282535
13.4 14.2818707192
13.405 14.287213185
13.41 14.2925556507
13.415 14.2978981165
13.42 14.3032405822
13.425 14.308583048
13.43 14.3139255137
13.435 14.3192679795
13.44 14.3246104452
13.445 14.329952911
13.45 14.3352953767
13.455 14.3406378425
13.46 14.3459803083
13.465 14.351322774
13.47 14.3566652398
13.475 14.3620077055
13.48 14.3673501713
13.485 14.372692637
13.49 14.3780351028
13.495 14.3833775685
13.5 14.3887200343
13.505 14.3940625
13.51 14.3994049658
13.515 14.4047474315
13.52 14.4100898973
13.525 14.415432363
13.53 14.4207748288
13.535 14.4261172945
13.54 14.4314597603
13.545 14.4368022261
13.55 14.4421446918
13.555 14.4474871576
13.56 14.4528296233
13.565 14.4581720891
13.57 14.4635145548
13.575 14.4688570206
13.58 14.4741994863
13.585 14.4795419521
13.59 14.4848844178
13.595 14.4902268836
13.6 14.4955693493
13.605 14.5009118151
13.61 14.5062542808
13.615 14.5115967466
13.62 14.5169392123
13.625 14.5222816781
13.63 14.5276241438
13.635 14.5329666096
13.64 14.5383090754
13.645 14.5436515411
13.65 14.5489940069
13.655 14.5543364726
13.66 14.5596789384
13.665 14.5650214041
13.67 14.5703638699
13.675 14.5757063356
13.68 14.5810488014
13.685 14.5863912671
13.69 14.5917337329
13.695 14.5970761986
13.7 14.6024186644
13.705 14.6077611301
13.71 14.6131035959
13.715 14.6184460616
13.72 14.6237885274
13.725 14.6291309932
13.73 14.6344734589
13.735 14.6398159247
13.74 14.6451583904
13.745 14.6505008562
13.75 14.6558433219
13.755 14.6611857877
13.76 14.6665282534
13.765 14.6718707192
13.77 14.6772131849
13.775 14.6825556507
13.78 14.6878981164
13.785 14.6932405822
13.79 14.6985830479
13.795 14.7039255137
13.8 14.7092679794
13.805 14.7146104452
13.81 14.719952911
13.815 14.7252953767
13.82 14.7306378425
13.825 14.7359803082
13.83 14.741322774
13.835 14.7466652397
13.84 14.7520077055
13.845 14.7573501712
13.85 14.762692637
13.855 14.7680351027
13.86 14.7733775685
13.865 14.7787200342
13.87 14.7840625
13.875 14.7894049657
13.88 14.7947474315
13.885 14.8000898972
13.89 14.805432363
13.895 14.8107748287
13.9 14.8161172945
13.905 14.8214597603
13.91 14.826802226
13.915 14.8321446918
13.92 14.8374871575
13.925 14.8428296233
13.93 14.848172089
13.935 14.8535145548
13.94 14.8588570205
13.945 14.8641994863
13.95 14.869541952
13.955 14.8748844178
13.96 14.8802268835
13.965 14.8855693493
13.97 14.890911815
13.975 14.8962542808
13.98 14.9015967465
13.985 14.9069392123
13.99 14.9122816781
13.995 14.9176241438
14.0 14.9229666096
14.005 14.9283090753
14.01 14.9336515411
14.015 14.9389940068
14.02 14.9443364726
14.025 14.9496789383
14.03 14.9550214041
14.035 14.9603638698
14.04 14.9657063356
14.045 14.9710488013
14.05 14.9763912671
14.055 14.9817337328
14.06 14.9870761986
14.065 14.9924186643
14.07 14.9977611301
14.075 15.0031035959
14.08 15.0084460616
14.085 15.0137885274
14.09 15.0191309931
14.095 15.0244734589
14.1 15.0298159246
14.105 15.0351583904
14.11 15.0405008561
14.115 15.0458433219
14.12 15.0511857876
14.125 15.0565282534
14.13 15.0618707191
14.135 15.0672131849
14.14 15.0725556506
14.145 15.0778981164
14.15 15.0832405821
14.155 15.0885830479
14.16 15.0939255136
14.165 15.0992679794
14.17 15.1046104452
14.175 15.1099529109
14.18 15.1152953767
14.185 15.1206378425
14.19 15.1259803082
14.195 15.131322774
14.2 15.1366652398
14.205 15.1420077055
14.21 15.1473501713
14.215 15.152692637
14.22 15.1580351028
14.225 15.1633775685
14.23 15.1687200343
14.235 15.1740625
14.24 15.1794049658
14.245 15.1847474316
14.25 15.1900898973
14.255 15.1954323631
14.26 15.2007748288
14.265 15.2061172946
14.27 15.2114597603
14.275 15.2168022261
14.28 15.2221446918
14.285 15.2274871576
14.29 15.2328296233
14.295 15.2381720891
14.3 15.2435145548
14.305 15.2488570206
14.31 15.2541994863
14.315 15.2595419521
14.32 15.2648844178
14.325 15.2702268836
14.33 15.2755693494
14.335 15.2809118151
14.34 15.2862542809
14.345 15.2915967466
14.35 15.2969392124
14.355 15.3022816781
14.36 15.3076241439
14.365 15.3129666096
14.37 15.3183090754
14.375 15.3236515411
14.38 15.3289940069
14.385 15.3343364726
14.39 15.3396789384
14.395 15.3450214041
14.4 15.3503638699
14.405 15.3557063356
14.41 15.3610488014
14.415 15.3663912672
14.42 15.3717337329
14.425 15.3770761987
14.43 15.3824186644
14.435 15.3877611302
14.44 15.3931035959
14.445 15.3984460617
14.45 15.4037885274
14.455 15.4091309932
14.46 15.4144734589
14.465 15.4198159247
14.47 15.4251583904
14.475 15.4305008562
14.48 15.4358433219
14.485 15.4411857877
14.49 15.4465282534
14.495 15.4518707192
14.5 15.4572131849
14.505 15.4625556507
14.51 15.4678981165
14.515 15.4732405822
14.52 15.478583048
14.525 15.4839255137
14.53 15.4892679795
14.535 15.4946104452
14.54 15.499952911
14.545 15.5052953767
14.55 15.5106378425
14.555 15.5159803082
14.56 15.521322774
14.565 15.5266652397
14.57 15.5320077055
14.575 15.5373501712
14.58 15.542692637
14.585 15.5480351027
14.59 15.5533775685
14.595 15.5587200343
14.6 15.5640625
14.605 15.5694049658
14.61 15.5747474315
14.615 15.5800898973
14.62 15.585432363
14.625 15.5907748288
14.63 15.5961172945
14.635 15.6014597603
14.64 15.606802226
14.645 15.6121446918
14.65 15.6174871575
14.655 15.6228296233
14.66 15.628172089
14.665 15.6335145548
14.67 15.6388570205
14.675 15.6441994863
14.68 15.6495419521
14.685 15.6548844178
14.69 15.6602268836
14.695 15.6655693493
14.7 15.6709118151
14.705 15.6762542808
14.71 15.6815967466
14.715 15.6869392123
14.72 15.6922816781
14.725 15.6976241438
14.73 15.7029666096
14.735 15.7083090753
14.74 15.7136515411
14.745 15.7189940068
14.75 15.7243364726
14.755 15.7296789383
14.76 15.7350214041
14.765 15.7403638699
14.77 15.7457063356
14.775 15.7510488014
14.78 15.7563912671
14.785 15.7617337329
14.79 15.7670761986
14.795 15.7724186644
14.8 15.7777611301
14.805 15.7831035959
14.81 15.7884460616
14.815 15.7937885274
14.82 15.7991309931
14.825 15.8044734589
14.83 15.8098159246
14.835 15.8151583904
14.84 15.8205008561
14.845 15.8258433219
14.85 15.8311857876
14.855 15.8365282534
14.86 15.8418707192
14.865 15.8472131849
14.87 15.8525556507
14.875 15.8578981164
14.88 15.8632405822
14.885 15.8685830479
14.89 15.8739255137
14.895 15.8792679794
14.9 15.8846104452
14.905 15.8899529109
14.91 15.8952953767
14.915 15.9006378424
14.92 15.9059803082
14.925 15.9113227739
14.93 15.9166652397
14.935 15.9220077054
14.94 15.9273501712
14.945 15.932692637
14.95 15.9380351027
14.955 15.9433775685
14.96 15.9487200342
14.965 15.9540625
14.97 15.9594049657
14.975 15.9647474315
14.98 15.9700898972
14.985 15.975432363
14.99 15.9807748287
14.995 15.9861172945
15.0 15.9914597602
15.005 15.996802226
15.01 16.0021446917
15.015 16.0074871575
15.02 16.0128296232
15.025 16.018172089
15.03 16.0235145548
15.035 16.0288570205
15.04 16.0341994863
15.045 16.039541952
15.05 16.0448844178
15.055 16.0502268835
15.06 16.0555693493
15.065 16.060911815
15.07 16.0662542808
15.075 16.0715967465
15.08 16.0769392123
15.085 16.082281678
15.09 16.0876241438
15.095 16.0929666095
15.1 16.0983090753
15.105 16.1036515411
15.11 16.1089940068
15.115 16.1143364726
15.12 16.1196789383
15.125 16.1250214041
15.13 16.1303638699
15.135 16.1357063356
15.14 16.1410488014
15.145 16.1463912672
15.15 16.1517337329
15.155 16.1570761987
15.16 16.1624186644
15.165 16.1677611302
15.17 16.1731035959
15.175 16.1784460617
15.18 16.1837885274
15.185 16.1891309932
15.19 16.1944734589
15.195 16.1998159247
15.2 16.2051583905
15.205 16.2105008562
15.21 16.215843322
15.215 16.2211857877
15.22 16.2265282535
15.225 16.2318707192
15.23 16.237213185
15.235 16.2425556507
15.24 16.2478981165
15.245 16.2532405822
15.25 16.258583048
15.255 16.2639255137
15.26 16.2692679795
15.265 16.2746104452
15.27 16.279952911
15.275 16.2852953767
15.28 16.2906378425
15.285 16.2959803083
15.29 16.301322774
15.295 16.3066652398
15.3 16.3120077055
15.305 16.3173501713
15.31 16.322692637
15.315 16.3280351028
15.32 16.3333775685
15.325 16.3387200343
15.33 16.3440625
15.335 16.3494049658
15.34 16.3547474315
15.345 16.3600898973
15.35 16.365432363
15.355 16.3707748288
15.36 16.3761172945
15.365 16.3814597603
15.37 16.3868022261
15.375 16.3921446918
15.38 16.3974871576
15.385 16.4028296233
15.39 16.4081720891
15.395 16.4135145548
15.4 16.4188570206
15.405 16.4241994863
15.41 16.4295419521
15.415 16.4348844178
15.42 16.4402268836
15.425 16.4455693493
15.43 16.4509118151
15.435 16.4562542808
15.44 16.4615967466
15.445 16.4669392123
15.45 16.4722816781
15.455 16.4776241438
15.46 16.4829666096
15.465 16.4883090754
15.47 16.4936515411
15.475 16.4989940069
15.48 16.5043364726
15.485 16.5096789384
15.49 16.5150214041
15.495 16.5203638699
15.5 16.5257063356
15.505 16.5310488014
15.51 16.5363912671
15.515 16.5417337329
15.52 16.5470761986
15.525 16.5524186644
15.53 16.5577611301
15.535 16.5631035959
15.54 16.5684460616
15.545 16.5737885274
15.55 16.5791309932
15.555 16.5844734589
15.56 16.5898159247
15.565 16.5951583904
15.57 16.6005008562
15.575 16.6058433219
15.58 16.6111857877
15.585 16.6165282534
15.59 16.6218707192
15.595 16.6272131849
15.6 16.6325556507
15.605 16.6378981164
15.61 16.6432405822
15.615 16.6485830479
15.62 16.6539255137
15.625 16.6592679794
15.63 16.6646104452
15.635 16.669952911
15.64 16.6752953767
15.645 16.6806378425
15.65 16.6859803082
15.655 16.691322774
15.66 16.6966652397
15.665 16.7020077055
15.67 16.7073501712
15.675 16.712692637
15.68 16.7180351027
15.685 16.7233775685
15.69 16.7287200342
15.695 16.7340625
15.7 16.7394049657
15.705 16.7447474315
15.71 16.7500898972
15.715 16.755432363
15.72 16.7607748287
15.725 16.7661172945
15.73 16.7714597603
15.735 16.776802226
15.74 16.7821446918
15.745 16.7874871575
15.75 16.7928296233
15.755 16.798172089
15.76 16.8035145548
15.765 16.8088570205
15.77 16.8141994863
15.775 16.819541952
15.78 16.8248844178
15.785 16.8302268835
15.79 16.8355693493
15.795 16.840911815
15.8 16.8462542808
15.805 16.8515967465
15.81 16.8569392123
15.815 16.8622816781
15.82 16.8676241438
15.825 16.8729666096
15.83 16.8783090753
15.835 16.8836515411
15.84 16.8889940068
15.845 16.8943364726
15.85 16.8996789383
15.855 16.9050214041
15.86 16.9103638698
15.865 16.9157063356
15.87 16.9210488013
15.875 16.9263912671
15.88 16.9317337328
15.885 16.9370761986
15.89 16.9424186643
15.895 16.9477611301
15.9 16.9531035959
15.905 16.9584460616
15.91 16.9637885274
15.915 16.9691309931
15.92 16.9744734589
15.925 16.9798159246
15.93 16.9851583904
15.935 16.9905008561
15.94 16.9958433219
15.945 17.0011857876
15.95 17.0065282534
15.955 17.0118707191
15.96 17.0172131849
15.965 17.0225556506
15.97 17.0278981164
15.975 17.0332405821
15.98 17.0385830479
15.985 17.0439255136
15.99 17.0492679794
15.995 17.0546104452
16.0 17.0599529109
16.005 17.0652953767
16.01 17.0706378425
16.015 17.0759803082
16.02 17.081322774
16.025 17.0866652398
16.03 17.0920077055
16.035 17.0973501713
16.04 17.102692637
16.045 17.1080351028
16.05 17.1133775685
16.055 17.1187200343
16.06 17.1240625
16.065 17.1294049658
16.07 17.1347474316
16.075 17.1400898973
16.08 17.1454323631
16.085 17.1507748288
16.09 17.1561172946
16.095 17.1614597603
16.1 17.1668022261
16.105 17.1721446918
16.11 17.1774871576
16.115 17.1828296233
16.12 17.1881720891
16.125 17.1935145548
16.13 17.1988570206
16.135 17.2041994863
16.14 17.2095419521
16.145 17.2148844178
16.15 17.2202268836
16.155 17.2255693494
16.16 17.2309118151
16.165 17.2362542809
16.17 17.2415967466
16.175 17.2469392124
16.18 17.2522816781
16.185 17.2576241439
16.19 17.2629666096
16.195 17.2683090754
16.2 17.2736515411
16.205 17.2789940069
16.21 17.2843364726
16.215 17.2896789384
16.22 17.2950214041
16.225 17.3003638699
16.23 17.3057063356
16.235 17.3110488014
16.24 17.3163912672
16.245 17.3217337329
16.25 17.3270761987
16.255 17.3324186644
16.26 17.3377611302
16.265 17.3431035959
16.27 17.3484460617
16.275 17.3537885274
16.28 17.3591309932
16.285 17.3644734589
16.29 17.3698159247
16.295 17.3751583904
16.3 17.3805008562
16.305 17.3858433219
16.31 17.3911857877
16.315 17.3965282534
16.32 17.4018707192
16.325 17.4072131849
16.33 17.4125556507
16.335 17.4178981165
16.34 17.4232405822
16.345 17.428583048
16.35 17.4339255137
16.355 17.4392679795
16.36 17.4446104452
16.365 17.449952911
16.37 17.4552953767
16.375 17.4606378425
16.38 17.4659803082
16.385 17.471322774
16.39 17.4766652397
16.395 17.4820077055
16.4 17.4873501712
16.405 17.492692637
16.41 17.4980351027
16.415 17.5033775685
16.42 17.5087200343
16.425 17.5140625
16.43 17.5194049658
16.435 17.5247474315
16.44 17.5300898973
16.445 17.535432363
16.45 17.5407748288
16.455 17.5461172945
16.46 17.5514597603
16.465 17.556802226
16.47 17.5621446918
16.475 17.5674871575
16.48 17.5728296233
16.485 17.578172089
16.49 17.5835145548
16.495 17.5888570205
16.5 17.5941994863
16.505 17.5995419521
16.51 17.6048844178
16.515 17.6102268836
16.52 17.6155693493
16.525 17.6209118151
16.53 17.6262542808
16.535 17.6315967466
16.54 17.6369392123
